750
56 
122 
14 
16 
17 
33 
42 
43 
135 
141 
192 
194 
210 
220 
268 
276 
282 
308 
317 
333 
420 
448 
477 
493 
505 
506 
569 
602 
626 
639 
642 
646 
649 
691 
694 
722 
734 
748 
766 
780 
784 
859 
948 
959 
971 
989 
74 
107 
110 
112 
132 
164 
170 
176 
205 
230 
235 
258 
293 
316 
323 
325 
326 
334 
340 
351 
354 
357 
374 
379 
397 
431 
441 
515 
531 
538 
556 
575 
592 
621 
647 
655 
678 
730 
738 
741 
747 
764 
767 
772 
829 
843 
848 
854 
914 
938 
955 
966 
976 
1 
45 
75 
77 
121 
136 
174 
184 
186 
209 
239 
298 
303 
312 
315 
332 
342 
346 
356 
377 
378 
380 
412 
425 
453 
486 
489 
491 
519 
520 
540 
574 
611 
652 
658 
667 
672 
680 
690 
692 
702 
713 
733 
742 
778 
785 
790 
791 
807 
809 
819 
822 
823 
826 
842 
869 
874 
893 
895 
917 
983 
7 
24 
29 
62 
63 
100 
140 
177 
193 
212 
213 
222 
240 
274 
283 
309 
319 
439 
440 
446 
473 
514 
536 
560 
565 
591 
593 
640 
656 
682 
693 
724 
727 
776 
787 
804 
811 
827 
839 
849 
850 
851 
875 
908 
925 
931 
933 
975 
997 
39 
60 
73 
142 
178 
203 
225 
229 
232 
233 
255 
261 
267 
278 
279 
284 
299 
311 
328 
358 
362 
369 
396 
400 
406 
421 
430 
442 
460 
483 
526 
596 
597 
604 
605 
669 
687 
719 
754 
786 
815 
821 
852 
863 
865 
886 
906 
922 
935 
978 
3 
25 
41 
111 
120 
159 
189 
245 
251 
272 
347 
352 
361 
391 
393 
435 
436 
502 
516 
533 
554 
570 
584 
610 
650 
663 
671 
707 
708 
718 
743 
750 749
812 
820 
831 
844 
845 
870 
878 
888 
921 
944 
970 
987 
998 
9 
21 
35 
48 
70 
98 
106 
167 
202 
208 
265 
292 
305 
389 
399 398
419 418
456 
462 
463 
499 
500 
507 
530 
532 
549 
587 586
594 
613 
614 
627 
641 
688 
700 699
712 
736 
783 782
860 
896 
900 
905 
907 
926 
936 
946 945
951 
986 
992 
4 
5 
11 
23 
34 
69 68
81 
85 84
89 
90 
92 
103 
139 
148 
166 
207 206
228 
281 
295 291
296 
302 
313 
348 
349 
360 
364 
370 
411 
423 
429 
433 
450 
451 
457 
467 
479 
485 
498 496
504 
509 
539 
541 
551 
552 548
616 
629 
644 
648 
677 
679 
704 
729 
755 
756 
757 
768 
777 
792 
803 
830 
855 
864 
880 
887 
899 
901 898
909 904
923 
963 
972 
981 980
13 
19 
38 
50 
55 54
87 
145 
149 
181 
187 
201 
211 
216 
221 218
247 
254 
275 
277 
287 
300 
301 
320 
329 
363 359
367 
381 
387 
404 
468 
480 
508 
555 
559 
561 
576 
578 577
600 599
603 601
606 
623 
634 633
636 635
654 
706 
739 
746 
775 
799 
867 
877 
889 
913 
918 916
924 
939 
942 
950 
954 
964 
994 
22 
28 
58 57
78 
79 76
83 
97 96
104 102
109 
113 
117 116
125 
127 
154 
179 
196 
197 
215 214
217 
219 
241 
248 246
260 
286 
294 
314 
416 
472 
487 484
488 
497 
546 
550 
557 
567 
588 
598 595
608 607
632 631
638 
645 
723 
725 
728 
732 
745 
761 
771 
779 
789 788
802 
836 
883 882
890 
962 
969 
999 996
2 0
65 64
152 151
224 223
253 252
385 384
405 403
427 426
432 428
478 476
566 564
590 589
630 628
659 657
685 684
696 695
911 910
928 927
968 967
37 36
160 158
175 173
182 180
190 188
269 266
322 321
338 337
571 568
683 681
763 762
781 774
824 818
892 891
903 902
943 941
965 961
974 973
47 46
53 52
61 59
128 126
307 306
327 324
336 335
445 444
465 464
527 525
535 534
580 579
711 710
806 805
868 866
940 937
988 985
82 80
172 171
237 236
280 273
318 310
366 365
395 394
449 447
503 501
513 512
524 523
529 528
542 537
547 545
643 637
674 673
676 675
698 697
758 753
794 793
828 825
920 919
979 977
124 123
133 131
165 163
195 191
199 198
227 226
331 330
355 353
417 415
558 553
709 705
717 716
731 726
752 751
760 759
773 770
798 797
872 871
885 884
67 66
72 71
88 86
143 138
185 183
257 256
264 263
271 270
288 285
437 434
469 466
492 490
518 517
563 562
585 583
619 618
653 651
666 665
670 668
835 834
934 932
949 947
119 118
146 144
162 161
234 231
344 343
350 345
376 375
495 494
511 510
573 572
612 609
625 624
661 660
664 662
721 720
769 765
810 808
817 816
897 894
953 952
957 956
991 990
157 156
383 382
392 390
715 714
858 857
876 873
881 879
930 929
960 958
95 94
130 129
137 134
169 168
242 238
244 243
250 249
304 297
371 368
461 459
475 474
582 581
622 620
689 686
737 735
801 800
833 832
838 837
915 912
8 6
12 10
18 15
32 31
44 40
150 147
290 289
373 372
388 386
414 413
424 422
443 438
454 452
703 701
841 840
856 853
984 982
30 27
93 91
101 99
115 114
262 259
408 407
458 455
482 481
862 861
51 49
155 153
402 401
410 409
544 543
26 20
108 105
204 200
522 521
617 615
744 740
814 813
847 846
995 993
341 339
471 470
796 795
