10000
5855 
6604 
4453 
2139 
3243 
6935 
687 
5701 
4816 
8228 
4439 
4126 
5678 
3669 
1180 
8551 
9936 
6227 
5079 
9357 
1602 
668 
461 
8079 
7493 
2206 
7737 
2261 
1433 
366 
425 
8900 
7932 
587 
239 
4738 
1516 
2953 
6286 
242 
4420 
2204 
4301 
9529 
6895 
5520 
2042 
8810 
4402 
5174 
5828 
9983 
8823 
7369 
8051 
3663 
287 
6867 
1280 
8595 
9052 
8342 
2961 
4170 
245 
2828 
3107 
8469 
7457 
9115 
7761 
6929 
1722 
4162 
824 
1790 
4564 
426 
6479 
8903 
5370 
860 
1316 
9600 
2108 
8159 
1948 
9766 
3415 
5448 
732 
300 
2307 
411 
899 
9882 
8376 
5651 
4268 
1224 
1866 
5000 
2077 
3849 
1551 
5573 
7061 
866 
5806 
4234 
3082 
3768 
1021 
6471 
8344 
7979 
6496 
6190 
3960 
1760 
477 
3903 
8577 
9428 
1556 
9624 
4213 
1027 
6151 
2438 
7201 
9082 
6268 
5683 
798 
2691 
2500 
4364 
3352 
3594 
6465 
241 
8638 
2392 
7948 
7464 
6392 
4193 
1146 
7549 
7599 
4051 
3969 
9510 
2230 
5561 
6357 
30 
6642 
1793 
4806 
2423 
3118 
708 
5914 
4941 
5926 
994 
1863 
4937 
4644 
400 
9304 
2361 
8636 
5932 
7213 
8481 
6780 
565 
6324 
2183 
9324 
4546 
3863 
1284 
3838 
1474 
8498 
6427 
2405 
4017 
9376 
5306 
7882 
4902 
2337 
3233 
902 
6156 
1054 
3648 
8176 
1836 
5958 
901 
941 
8011 
6923 
3828 
2464 
9513 
1470 
8566 
5764 
9978 
5104 
1587 
4370 
9235 
4119 
7700 
2376 
3169 
9665 
41 
6136 
3583 
1106 
8218 
1230 
8509 
9283 
858 
487 
8432 
2110 
421 
9717 
126 
6402 
329 
7607 
4594 
9486 
2140 
430 
5094 
7685 
8769 
1134 
4270 
97 
5270 
7605 
399 
9068 
3899 
7625 
9684 
6731 
9118 
7066 
4003 
5287 
3066 
7732 
2037 
8642 
5164 
3951 
6178 
2554 
6746 
266 
5345 
3834 
3229 
9536 
7843 
9054 
4599 
7108 
9571 
601 
694 
3214 
6235 
4763 
5007 
3347 
7655 
9477 
2651 
4478 
5252 
8201 
4344 
1816 
5106 
4784 
5030 
4873 
1062 
440 
2624 
4418 
8179 
8401 
7926 
8298 
3236 
707 
4917 
1748 
2816 
9935 
102 
7592 
9215 
7330 
2177 
3384 
1330 
4309 
5553 
4038 
6065 
5581 
4053 
2894 
9495 
6342 
6086 
4238 
357 
9751 
2842 
6801 
8178 
7408 
5207 
9763 
6369 
459 
6907 
4350 
7304 
9256 
6480 
4040 
8407 
7580 
662 
7478 
1175 
1751 
3271 
6252 
7936 
7249 
7453 
7078 
9180 
3608 
7724 
3932 
6971 
4652 
6070 
6245 
3661 
7267 
9664 
350 
3861 
7814 
2256 
7400 
8428 
7396 
4202 
9349 
3501 
1295 
3288 
8906 
7324 
9924 
8230 
3033 
8617 
9831 
674 
6645 
1275 
1457 
6821 
8409 
9929 
4678 
7908 
1791 
4713 
9889 
4538 
9308 
2857 
4670 
4124 
7783 
1157 
6693 
3793 
3601 
2951 
2103 
7354 
4502 
7539 
6170 
4059 
9754 
5744 
3108 
3336 
3147 
1901 
4281 
9857 
6879 
2995 
5607 
2603 
7867 
8186 
2639 
5688 
4409 
5388 
3786 
2503 
7696 
2630 
5813 
4871 
1553 
8332 
9224 
4157 
716 
8184 
2834 
9534 
9910 
3171 
7983 
602 
8302 
6292 
4801 
8596 
8793 
3885 
1294 
1839 
3888 
6977 
758 
910 
9559 
6150 
5218 
4005 
7786 
7896 
5514 
1455 
5608 
6419 
5695 
2529 
5073 
9361 
7183 
8313 
1888 
1857 
8426 
8789 
7015 
9344 
8893 
9407 
3837 
9389 
200 
1769 
9094 
2367 
1350 
9931 
3394 
2770 
4577 
3133 
6165 
9471 
4304 
2426 
5051 
8688 
1434 
4012 
3392 
8935 
2308 
6501 
2644 
7542 
697 
1390 
8719 
2237 
2601 
6062 
296 
2794 
6309 
1700 
4447 
3805 
4032 
3545 
730 
221 
6462 
370 
1262 
6446 
3857 
4583 
751 
8875 
3393 
7390 
5071 
1319 
3183 
3735 
9071 
4242 
4842 
2874 
3407 
4178 
5421 
2551 
4679 
29 
1827 
2563 
2929 
2269 
2135 
3367 
8385 
765 
7719 
5673 
6372 
8798 
351 
5014 
424 
1282 
6956 
9865 
5418 
4548 
4953 
3098 
9442 
5834 
7291 
5220 
3758 
8776 
9869 
7861 
4195 
6323 
4391 
6314 
3889 
4485 
1680 
3701 
4555 
4232 
7677 
8377 
9412 
6327 
6890 
3127 
3871 
8197 
9157 
7393 
5473 
4635 
8983 
1962 
1037 
1245 
4137 
2252 
511 
2486 
5091 
1653 
2124 
2305 
9622 
6172 
5662 
7289 
6922 
1934 
7658 
8525 
6448 
80 
1477 
3693 
7699 
7962 
9015 
3640 
8050 
236 
4595 
8408 
2709 
710 
88 
2878 
1651 
7199 
8937 
7136 
3878 
552 
8066 
8024 
9190 
700 
1940 
9729 
4345 
3921 
6770 
211 
8568 
2936 
9769 
4108 
3149 
3842 
2635 
4645 
3868 
7727 
3242 
3080 
9843 
6166 
3993 
8836 
6827 
9011 
8441 
8812 
8242 
2904 
1684 
7776 
9823 
6752 
129 
2735 
4895 
4297 
255 
8133 
7432 
18 
7966 
8493 
5239 
2533 
1566 
1000 
9291 
6162 
2340 
4254 
4214 
1745 
5964 
2082 
655 
5280 
1638 
1442 
7230 
7417 
7320 
7684 
4519 
6300 
6179 
2892 
9540 
3996 
9167 
9578 
3620 
5604 
7025 
9660 
3703 
6709 
6418 
4754 
7883 
5344 
2175 
2030 
725 
7653 
3139 
2498 
1957 
9417 
3577 
7165 
478 
2530 
3052 
1598 
6476 
3161 
2646 
3588 
984 
6560 
5519 
1937 
1511 
9240 
4886 
2022 
9588 
3499 
5430 
9582 
868 
9243 
1527 
2381 
359 
2225 
5356 
912 
4443 
2843 
1976 
9101 
8716 
9236 
5710 
6518 
9818 
493 
5482 
1607 
7245 
1126 
3131 
7176 
2871 
5251 
6328 
4875 
4998 
675 
8558 
8637 
7442 
9285 
1422 
118 
7640 
3922 
6706 
8274 
4327 
5003 
7433 
7729 
9334 
7679 
1018 
1862 
1771 
3742 
5592 
8998 
482 
4885 
2444 
5138 
4176 
6302 
5248 
2285 
9303 
2472 
6985 
9609 
4257 
753 
2722 
7142 
5947 
5315 
8641 
6849 
9627 
2031 
1016 
9705 
2714 
5077 
1896 
1879 
2329 
8263 
1083 
1277 
2072 
5017 
1624 
14 
991 
8421 
406 
4142 
881 
1331 
6882 
7654 
3043 
4813 
2185 
1462 
1789 
8556 
3734 
3063 
8253 
2156 
2130 
7290 
1116 
375 
5605 
1683 
6135 
8462 
3727 
2404 
339 
1559 
1977 
2288 
4288 
4428 
1090 
4783 
4818 
6630 
893 
2869 
8419 
3069 
1131 
2700 
5318 
7166 
7231 
4417 
5215 
2625 
4313 
3090 
9033 
2345 
5185 
3732 
2241 
2045 
9222 
9708 
2134 
7875 
5224 
7807 
2432 
1344 
9038 
6707 
3167 
1435 
4521 
6718 
7395 
6638 
6378 
1377 
9557 
6234 
4617 
3498 
9620 
9360 
7037 
3713 
7154 
9156 
9439 
4468 
2847 
3078 
2609 
2050 
9227 
1713 
1080 
5775 
6294 
9862 
321 
2891 
2236 
7007 
513 
5669 
6785 
6601 
7358 
547 
1032 
6589 
489 
4812 
1225 
5192 
2104 
3330 
90 
1750 
4244 
5622 
4240 
9539 
5049 
7251 
2875 
796 
7997 
6565 
7398 
4931 
5508 
1545 
2980 
4319 
2283 
6241 
3073 
6705 
3224 
612 
1803 
6485 
6221 
5982 
4236 
7877 
3309 
335 
8073 
9598 
6736 
9680 
1947 
8659 
7186 
2801 
8907 
2769 
1200 
8258 
3104 
1286 
5712 
4761 
7459 
3379 
5273 
4630 
923 
8524 
9599 
1925 
6975 
5857 
865 
4320 
8817 
5803 
607 
7671 
5953 
8930 
6329 
3902 
6514 
6266 
3444 
8513 
3534 
5338 
1699 
5419 
6169 
3028 
2386 
2487 
2235 
702 
7855 
2733 
1596 
8785 
5778 
527 
805 
4683 
5636 
4887 
5642 
5544 
7008 
3941 
8410 
8439 
6841 
1291 
7437 
4441 
6760 
2673 
1176 
7766 
5479 
5042 
3590 
5259 
4524 
6712 
7618 
8143 
1983 
9414 
1047 
4820 
5552 
9374 
3773 
5008 
1124 
9102 
973 
5837 
4819 
1191 
2683 
4256 
5231 
2767 
838 
2065 
1073 
2 
4663 
5971 
556 
1500 
5151 
149 
314 
8988 
3151 
8118 
5250 
6945 
6562 
4299 
3437 
775 
3633 
8393 
4369 
7436 
7026 
2282 
8597 
1199 
6920 
8588 
907 
3613 
3547 
8039 
8374 
1851 
8945 
6248 
419 
8755 
2473 
9083 
7695 
770 
3400 
7179 
4490 
2360 
521 
908 
2152 
78 
121 
9722 
7747 
4363 
179 
9816 
4839 
7356 
1158 
2607 
6416 
5720 
9955 
199 
5427 
4643 
4736 
8775 
7438 
2621 
2162 
8972 
1166 
1785 
3876 
734 
9441 
496 
4274 
9378 
4578 
2593 
2004 
6405 
3027 
5647 
5946 
1645 
8075 
5765 
948 
4688 
2505 
5291 
6734 
8287 
6303 
2289 
4075 
8091 
5078 
9897 
9162 
7565 
9099 
4482 
3172 
6214 
1481 
3142 
4112 
3700 
1252 
3575 
2240 
5799 
5878 
2895 
313 
6366 
7721 
9201 
447 
5638 
2905 
5332 
2846 
8334 
3259 
1812 
274 
6583 
2350 
4658 
2396 
6325 
8747 
4629 
831 
3263 
38 
1098 
8866 
7313 
2525 
6703 
2934 
9842 
4251 
9121 
6397 
6891 
8517 
4870 
7991 
7001 
4454 
8931 
109 
7463 
1718 
1696 
8974 
1303 
3852 
2331 
8112 
9046 
6038 
6965 
4177 
8773 
9358 
9205 
806 
2752 
6198 
4155 
3350 
3371 
523 
6368 
8717 
1708 
8685 
863 
8093 
9949 
2446 
5583 
4298 
1104 
4431 
1632 
6657 
7586 
8430 
9494 
6317 
1012 
7938 
1885 
8187 
3148 
3566 
3109 
4981 
7771 
1883 
4653 
4619 
1531 
1019 
9366 
3451 
4739 
3929 
6359 
3256 
1784 
7379 
1386 
1057 
2149 
6535 
6060 
3864 
1001 
4697 
9880 
6510 
6275 
7063 
8111 
4332 
2907 
6710 
3924 
2795 
3984 
1640 
270 
6672 
4006 
3879 
12 
4498 
4165 
150 
1190 
6976 
8705 
9928 
2754 
7642 
5216 
1418 
7229 
7253 
2071 
5909 
2398 
7532 
7471 
7317 
6774 
9619 
9080 
9616 
8241 
9107 
3441 
1778 
9433 
2366 
1759 
6243 
2786 
4641 
5487 
8873 
6808 
8494 
1550 
1334 
2656 
2788 
4825 
6655 
6980 
3034 
947 
215 
3348 
6002 
5169 
7660 
3100 
4556 
3674 
1361 
7202 
8353 
9940 
6624 
8841 
3380 
919 
7081 
5211 
3126 
7841 
337 
134 
5134 
9076 
6784 
472 
835 
3748 
4263 
7531 
4209 
7167 
5732 
5111 
9499 
762 
7572 
4912 
7606 
7490 
4452 
3197 
8901 
7489 
3215 
9733 
8236 
3711 
3376 
275 
7052 
5478 
1588 
392 
7573 
2406 
9577 
9839 
9758 
7293 
1525 
916 
5528 
5924 
8704 
8954 
2804 
6758 
8279 
4696 
3334 
7461 
4991 
4792 
9042 
2988 
1141 
201 
5144 
7735 
3655 
2277 
8147 
2258 
5681 
7631 
7237 
7426 
3762 
3659 
9384 
9551 
2368 
4071 
958 
5918 
1922 
7221 
5432 
2420 
4404 
5481 
1417 
1736 
7502 
515 
7159 
4922 
3972 
6554 
8301 
8300 
5861 
2410 
7357 
6932 
801 
7581 
6282 
2120 
7770 
2966 
5849 
5181 
7475 
9423 
5588 
1244 
6222 
5096 
7840 
7010 
8993 
3579 
8646 
8886 
3854 
5871 
7522 
4241 
161 
4623 
156 
9120 
9480 
6371 
5856 
6747 
2205 
2726 
9355 
6259 
5808 
8341 
3776 
8847 
1237 
7600 
5456 
1804 
5382 
4392 
1391 
6346 
9332 
8174 
158 
4573 
8877 
8443 
7259 
9359 
2723 
637 
6085 
5286 
1706 
6778 
133 
4348 
8127 
8651 
6120 
3736 
745 
4687 
2023 
558 
9590 
1817 
3799 
9325 
1159 
5874 
4446 
803 
7126 
8803 
9780 
6009 
3206 
53 
2806 
726 
229 
1712 
8858 
9132 
4748 
6058 
6763 
8840 
5563 
4908 
7266 
378 
8058 
6669 
4342 
550 
4970 
8882 
804 
4545 
5063 
5460 
6542 
5001 
2916 
9031 
2166 
5569 
2107 
10 
8324 
6173 
3472 
6593 
5940 
6947 
946 
982 
4851 
5700 
9642 
8657 
9337 
3042 
5333 
886 
9745 
4082 
5680 
953 
814 
9937 
5276 
9165 
2930 
9798 
3102 
7571 
4153 
1842 
5155 
6579 
7854 
6959 
4600 
5792 
7763 
6301 
7384 
7145 
6631 
6812 
3164 
389 
6271 
6984 
54 
8885 
6843 
657 
9747 
8532 
7568 
1800 
5687 
5142 
6889 
610 
6912 
7139 
8804 
1869 
397 
7587 
8710 
7000 
8293 
5645 
8678 
3954 
7170 
1143 
4686 
1859 
1543 
8679 
7676 
9175 
1326 
7119 
570 
1615 
8851 
3491 
5044 
6007 
258 
249 
6651 
3896 
5987 
7548 
3570 
8413 
3935 
4869 
9824 
4838 
5457 
5810 
3119 
7130 
8172 
8615 
1967 
7153 
4969 
8508 
1739 
4086 
3427 
9736 
8660 
5115 
9611 
7975 
9013 
8899 
8631 
5719 
2086 
3704 
2665 
6112 
3877 
228 
5105 
5245 
976 
6595 
3982 
495 
5449 
8669 
9641 
4843 
3789 
6704 
6034 
4335 
5619 
9793 
8634 
849 
1308 
3671 
8522 
1407 
6107 
677 
6050 
4569 
6852 
310 
3181 
7856 
7866 
4171 
9049 
4292 
4646 
7403 
5386 
3279 
2062 
7223 
5331 
4955 
7060 
3163 
4961 
2044 
3779 
9230 
4105 
4976 
9347 
1807 
9629 
6246 
9687 
8519 
1496 
1595 
485 
4472 
2013 
9159 
4590 
3764 
5718 
4496 
1355 
3216 
2116 
2796 
5535 
1005 
5083 
5835 
6219 
1013 
4512 
1476 
4323 
7147 
1787 
3901 
836 
2014 
9948 
4359 
6733 
2713 
9734 
3686 
4540 
6819 
6835 
2765 
9469 
5640 
5107 
1007 
460 
1764 
2445 
8442 
8404 
7344 
9884 
7881 
4063 
1167 
7006 
931 
7968 
7831 
4223 
3485 
64 
2211 
8049 
3809 
3443 
3135 
413 
2370 
3719 
143 
7140 
3968 
5048 
882 
4680 
325 
5954 
1766 
5321 
9526 
8157 
9119 
9194 
3994 
7428 
7024 
7626 
4636 
5213 
6697 
282 
7424 
7445 
7107 
6512 
4544 
817 
2441 
2544 
6802 
5281 
4273 
7847 
9567 
3495 
8754 
1999 
3910 
2074 
8501 
4627 
8244 
5920 
8991 
5176 
9468 
9294 
5113 
622 
5931 
2835 
4158 
9026 
8618 
1843 
8874 
703 
7118 
5319 
9056 
6623 
5308 
1584 
1238 
9718 
990 
8134 
2239 
3641 
5462 
6619 
3638 
4672 
8312 
1028 
7492 
5858 
1461 
1761 
6316 
1605 
2694 
3978 
729 
3046 
9084 
1336 
7899 
3750 
8824 
8898 
5594 
8286 
551 
4243 
9509 
3883 
2494 
6380 
5092 
9506 
4972 
2377 
6824 
8126 
9258 
7263 
86 
3500 
3813 
2456 
598 
9225 
2099 
3351 
6215 
7634 
6599 
7377 
1822 
9666 
9639 
5809 
9019 
6224 
9648 
3488 
8976 
2825 
1671 
840 
4704 
7751 
5090 
2018 
744 
7561 
5524 
4811 
1140 
5406 
5596 
8640 
7546 
9720 
8527 
7865 
3203 
3631 
8825 
6866 
7190 
6671 
9515 
5797 
1010 
8844 
7617 
8310 
8188 
5998 
3403 
3227 
4750 
5157 
7074 
4381 
7222 
3806 
4830 
5898 
8206 
240 
2251 
8910 
8485 
1709 
1327 
8916 
6079 
4444 
5960 
9143 
3875 
4101 
7302 
5363 
6892 
5915 
7225 
7723 
6751 
402 
3284 
957 
7533 
3782 
9010 
4634 
1095 
8222 
1329 
7706 
1818 
8589 
6572 
4625 
8924 
2956 
457 
9012 
2937 
8585 
73 
3483 
8764 
1897 
9045 
8382 
7017 
6310 
3557 
2002 
1537 
7813 
8250 
141 
6464 
9309 
5499 
7097 
7796 
3141 
8309 
5690 
1324 
1046 
9565 
4367 
9429 
6523 
5439 
7911 
8431 
6937 
5387 
3018 
8975 
2458 
5777 
660 
8303 
3231 
1894 
7101 
8256 
6472 
377 
7730 
8711 
7762 
2580 
4854 
1955 
2101 
9284 
538 
5026 
5200 
3295 
6128 
7527 
2202 
771 
3005 
8339 
4907 
532 
7949 
875 
2648 
5493 
1704 
5133 
1312 
7031 
6859 
8499 
2599 
7235 
3035 
5390 
8200 
8259 
8023 
3039 
3946 
653 
1719 
846 
9876 
8722 
5265 
3277 
2454 
6146 
3992 
2154 
160 
8080 
3596 
8208 
8276 
1145 
8203 
625 
190 
1547 
6668 
9016 
7942 
3177 
1507 
207 
4497 
5290 
5167 
1405 
3121 
7726 
4393 
6974 
9613 
2123 
8745 
3072 
9058 
7374 
3355 
4025 
5646 
5820 
8117 
1354 
5491 
8684 
9861 
5522 
374 
7380 
1517 
463 
4613 
9593 
5881 
9730 
4058 
3515 
175 
8574 
8557 
8460 
7946 
148 
6764 
4757 
1384 
9435 
8830 
1933 
3448 
8687 
6365 
3154 
6385 
6143 
5595 
9452 
7644 
6307 
1626 
414 
9991 
6494 
5025 
8592 
3202 
5887 
6901 
6388 
113 
2986 
629 
3079 
9311 
315 
6444 
2883 
6927 
9097 
6114 
349 
5628 
4501 
4863 
6872 
5177 
67 
1665 
3740 
9034 
1346 
1234 
2005 
503 
6629 
5818 
6084 
4656 
7401 
3494 
5010 
8805 
9877 
6210 
423 
3811 
8863 
8958 
7254 
4156 
4715 
6408 
89 
27 
2690 
7414 
9976 
155 
3274 
2652 
8120 
3049 
9212 
3059 
188 
7779 
5807 
9234 
3344 
9129 
7871 
5413 
1913 
2721 
2413 
4222 
6142 
6367 
8234 
386 
5974 
2242 
475 
1506 
1231 
6055 
9719 
5555 
9807 
5498 
2757 
8104 
2908 
1981 
7039 
8475 
9244 
977 
2748 
9088 
9860 
4486 
3592 
9059 
7172 
8389 
7623 
750 
7164 
3418 
3514 
4537 
3580 
1041 
9275 
1065 
9185 
754 
8800 
5129 
2836 
813 
7386 
3074 
4530 
6648 
2945 
1427 
1642 
6684 
6616 
4354 
4406 
717 
6291 
7509 
6777 
8337 
9902 
7095 
3305 
2322 
117 
4048 
5559 
4425 
6017 
5120 
6073 
2594 
1254 
5967 
7005 
3649 
3598 
8689 
1586 
9934 
7189 
9833 
8196 
1663 
2697 
4167 
1855 
5832 
4259 
244 
295 
2880 
444 
311 
3396 
3238 
7767 
3642 
6492 
7120 
7620 
572 
5341 
8909 
7594 
1163 
8703 
9701 
5243 
9568 
6470 
8057 
2564 
7879 
2974 
624 
8902 
578 
1458 
6242 
8859 
2383 
7388 
3492 
2332 
8822 
393 
9413 
5707 
9735 
6528 
2557 
5269 
3482 
8211 
9351 
2962 
1279 
4239 
618 
1792 
571 
4386 
2859 
9426 
4235 
2328 
6888 
9223 
2760 
9531 
5824 
6374 
929 
1014 
5397 
4133 
3886 
4958 
4166 
2649 
8947 
2067 
8017 
7419 
3519 
7117 
4495 
1486 
918 
1794 
2114 
1944 
4229 
2227 
9868 
3767 
5763 
7365 
6978 
7969 
4774 
3253 
5393 
8405 
9704 
6061 
4651 
6415 
7820 
8546 
6905 
6886 
2680 
3152 
278 
6387 
7833 
5925 
284 
6104 
7306 
9678 
2586 
3787 
9628 
1374 
3546 
4640 
9239 
9187 
8056 
8399 
355 
5981 
6394 
2089 
140 
7613 
952 
7632 
9657 
841 
8797 
9992 
8387 
1847 
6081 
5685 
132 
3775 
8833 
6218 
8192 
1535 
7309 
8584 
2963 
5489 
2991 
6701 
6851 
4300 
3523 
8922 
9907 
4237 
5567 
3926 
4705 
6134 
2510 
7451 
8627 
986 
2686 
8471 
9985 
6950 
510 
9589 
59 
7838 
8379 
3987 
401 
2372 
2764 
9784 
2066 
5202 
9533 
5483 
367 
5766 
2267 
231 
2827 
922 
227 
5292 
9191 
376 
6022 
8967 
8065 
9835 
2303 
5059 
224 
3481 
9213 
7022 
4797 
5131 
6556 
9712 
4684 
3595 
873 
7536 
3858 
3747 
32 
1464 
484 
1568 
5461 
9980 
3549 
4893 
9268 
5034 
3572 
6240 
9341 
3733 
2638 
1604 
2190 
7775 
5653 
317 
4426 
5742 
2326 
2659 
3101 
1160 
1052 
6264 
7335 
2522 
9116 
9749 
3075 
1222 
1870 
3576 
557 
9682 
3524 
5729 
7192 
7777 
1786 
3931 
5804 
3076 
8038 
709 
9792 
6509 
9025 
5751 
3751 
4566 
6251 
6692 
9737 
7462 
1026 
9327 
9451 
23 
3539 
9996 
9219 
8444 
656 
4752 
1781 
3469 
4514 
4925 
2491 
6023 
1881 
2840 
1400 
465 
3952 
2178 
3628 
3627 
9498 
6928 
8892 
4760 
3097 
5999 
4523 
630 
6076 
6670 
8366 
5235 
1208 
8819 
2296 
1498 
6158 
9147 
1529 
3892 
5212 
1349 
168 
8082 
4233 
9169 
3374 
7014 
4046 
2400 
98 
3239 
8529 
7888 
4275 
3526 
4211 
8225 
2521 
5299 
1627 
4349 
3217 
4035 
8022 
6069 
7292 
7113 
9193 
4475 
8476 
8707 
546 
4078 
2069 
3974 
2746 
4606 
2485 
1996 
3058 
4903 
1042 
3155 
2493 
7449 
842 
3325 
4685 
6376 
7734 
1846 
4771 
7062 
936 
561 
112 
3226 
185 
9139 
3068 
8915 
9209 
4951 
3189 
7144 
6940 
7876 
1854 
2797 
2115 
3449 
2617 
5410 
1283 
9075 
3106 
2893 
9612 
3007 
4056 
680 
6348 
9803 
9553 
8007 
166 
1074 
2073 
2838 
6333 
6015 
8583 
7446 
3652 
5899 
2155 
759 
9192 
3518 
3303 
5112 
189 
9456 
8160 
8071 
508 
2720 
7407 
1398 
8758 
247 
998 
7155 
48 
3120 
7927 
7261 
2000 
6815 
1526 
74 
6765 
2320 
1662 
1205 
8155 
6147 
6041 
2996 
7551 
7637 
1322 
5726 
7994 
6474 
597 
1241 
6154 
1421 
1629 
3056 
7900 
2387 
3289 
7764 
8555 
1820 
3308 
8270 
857 
4724 
4786 
9343 
3270 
1311 
5054 
9603 
5629 
6141 
6393 
1452 
5511 
6511 
7277 
9394 
9852 
4979 
1659 
7175 
3388 
4543 
16 
5755 
1217 
8105 
2419 
1931 
1524 
9416 
1368 
688 
4978 
6909 
3684 
2234 
3690 
761 
5475 
7 
3840 
9098 
9777 
8593 
983 
7870 
4689 
5825 
5735 
2490 
9961 
3578 
8436 
96 
7603 
1539 
4473 
5501 
3741 
5038 
5757 
6138 
9762 
8622 
3586 
5405 
8207 
8370 
2910 
5748 
474 
8285 
3477 
3600 
2012 
6607 
7543 
9840 
2095 
7482 
7460 
9801 
6646 
3186 
5896 
6942 
8623 
6153 
7325 
6443 
4731 
208 
7848 
3456 
3550 
6354 
2214 
7350 
8149 
6373 
5454 
4136 
7849 
9155 
3446 
2222 
5864 
7137 
2657 
4347 
4587 
3945 
6818 
3269 
404 
6361 
2223 
5885 
6842 
9728 
920 
8650 
3895 
8472 
5244 
9805 
2375 
1123 
7098 
6094 
6775 
4463 
1613 
8553 
6952 
6182 
3821 
3240 
5585 
6031 
5150 
5480 
2255 
6225 
4421 
7220 
1202 
9930 
7058 
4926 
5 
2097 
3905 
6729 
1644 
139 
2598 
8078 
1179 
4775 
4661 
3021 
1528 
4808 
7240 
2163 
2616 
1193 
3662 
1499 
5770 
4581 
608 
3584 
2696 
7339 
5327 
3008 
8533 
9527 
6782 
1873 
1954 
348 
7704 
1304 
5488 
4129 
8068 
7797 
4217 
5546 
7664 
4509 
5459 
3556 
9761 
2032 
4311 
8397 
6417 
5009 
2195 
6108 
9817 
9710 
4045 
3564 
6973 
8343 
5922 
3040 
6208 
6720 
2717 
1993 
5805 
7753 
7836 
9202 
5897 
2215 
7652 
2959 
3699 
4423 
308 
6133 
210 
8027 
456 
506 
1920 
1491 
6521 
3359 
4196 
7951 
8601 
5725 
3354 
5175 
4152 
5089 
1650 
1887 
4525 
9797 
5412 
7714 
7314 
3639 
1467 
4515 
142 
2342 
4711 
6340 
6953 
9550 
7874 
5123 
1577 
9467 
563 
1902 
2024 
507 
433 
9689 
7593 
8735 
2172 
4721 
6318 
1765 
2379 
26 
481 
4586 
4793 
5267 
6082 
1372 
4118 
1365 
9402 
7156 
9906 
3358 
3470 
2497 
412 
4933 
340 
4588 
3708 
6627 
8067 
7788 
9290 
4050 
8362 
1142 
5260 
9002 
7430 
4009 
5850 
3015 
8240 
4376 
7521 
458 
9271 
7785 
8329 
7068 
2414 
2186 
2779 
7915 
7604 
1593 
1555 
4701 
1183 
6290 
5776 
4607 
4529 
6488 
6467 
2548 
4206 
6230 
3609 
305 
7577 
9342 
8237 
6863 
4817 
5627 
5632 
5294 
4378 
1424 
4725 
3717 
5983 
6398 
4995 
6321 
8867 
7341 
8506 
3973 
2863 
5372 
1732 
8784 
6899 
5371 
8351 
9321 
7998 
396 
519 
961 
8326 
2799 
9464 
854 
9421 
2026 
4827 
4982 
777 
9916 
5484 
1686 
2436 
8372 
8394 
5234 
1589 
8752 
5272 
6477 
3908 
7355 
8854 
2049 
6008 
3423 
7960 
9470 
8961 
6537 
2384 
8500 
4377 
9864 
5210 
2356 
6996 
5352 
7310 
7346 
3201 
356 
1841 
5530 
1301 
5247 
6193 
7878 
7688 
2055 
1648 
9447 
2168 
6904 
8249 
328 
2577 
9151 
9913 
7477 
3900 
6643 
6322 
6434 
8055 
8799 
6954 
251 
5694 
6171 
6217 
2422 
6695 
268 
4516 
9630 
2947 
5773 
8733 
5132 
6168 
9786 
6699 
7152 
8161 
1035 
4134 
383 
1831 
3402 
2194 
9773 
3555 
4898 
8914 
7612 
8163 
3656 
9287 
289 
7276 
3626 
7989 
2729 
2885 
5053 
184 
4638 
3543 
577 
3 
7434 
4707 
541 
2053 
531 
8275 
8318 
5980 
9261 
3317 
3794 
2061 
6795 
2761 
4401 
6106 
5295 
1685 
542 
7669 
576 
9053 
6305 
8392 
4795 
3911 
1260 
2430 
9032 
1235 
874 
9369 
8818 
7188 
7902 
5570 
6726 
7102 
639 
6728 
2971 
6127 
3182 
1305 
4669 
1034 
4840 
8042 
848 
4673 
9740 
1773 
4305 
2604 
6003 
2007 
4980 
8864 
8802 
8880 
217 
4892 
8648 
1726 
2848 
6497 
1970 
5568 
3667 
9137 
163 
2629 
1991 
738 
2167 
9422 
6526 
8912 
4033 
9654 
309 
3722 
7885 
2027 
4399 
692 
6949 
5162 
6674 
0 
1148 
9525 
7755 
6856 
870 
3568 
3836 
6313 
3313 
6507 
499 
8251 
6257 
7316 
3862 
1676 
1381 
2257 
7352 
1487 
3297 
4117 
1267 
5324 
2672 
6682 
7563 
3790 
9379 
501 
4807 
6395 
6581 
1569 
1929 
1307 
9511 
9767 
784 
7651 
2920 
2434 
8311 
4338 
9182 
9090 
3091 
7217 
7216 
7758 
8560 
2549 
7530 
4132 
2291 
7503 
2187 
7134 
1747 
3944 
8190 
4531 
5081 
8658 
5217 
6742 
8677 
5634 
6412 
4212 
8871 
3630 
2254 
3749 
6543 
7641 
8938 
2246 
9158 
1951 
8154 
4891 
4090 
7083 
3647 
620 
2133 
8175 
2033 
3054 
9247 
7427 
4445 
297 
3244 
2016 
6598 
5711 
2984 
8193 
7088 
1574 
2887 
8266 
944 
9241 
3760 
7842 
7124 
843 
1210 
343 
9455 
8227 
6520 
7281 
2642 
6410 
5018 
748 
9635 
5337 
8831 
8490 
5507 
6 
7939 
5041 
8280 
6432 
4279 
3724 
3114 
6077 
1633 
4764 
6431 
3250 
9362 
290 
776 
4532 
667 
789 
159 
2418 
9279 
8448 
8477 
5599 
8369 
5613 
5846 
7992 
8217 
5236 
6810 
8384 
3520 
5562 
4974 
7598 
5784 
222 
1620 
3985 
8796 
7435 
6553 
1834 
385 
5183 
4558 
3293 
8600 
3731 
2602 
4360 
5510 
4479 
71 
5109 
4539 
5226 
9476 
153 
3643 
6089 
225 
1296 
4026 
193 
3064 
1112 
7667 
6641 
855 
2315 
7273 
7246 
7524 
2188 
2647 
2131 
1546 
2921 
4507 
9974 
1025 
7329 
5937 
4864 
3128 
415 
7608 
5503 
4605 
4172 
7036 
9136 
7423 
2813 
1337 
2388 
7963 
6491 
7018 
2272 
5172 
7207 
830 
1263 
2640 
1698 
9488 
6744 
3981 
8728 
3465 
7941 
2833 
85 
8604 
9390 
9109 
6495 
4054 
1108 
6125 
715 
2701 
4001 
8473 
5208 
4390 
628 
7921 
5117 
9584 
5536 
391 
9250 
9844 
5961 
1641 
1226 
8699 
3536 
3025 
2349 
1619 
3442 
8868 
2313 
711 
5955 
4015 
560 
2763 
6298 
6533 
1558 
2535 
554 
3744 
6191 
5761 
5135 
3916 
5534 
9713 
1170 
6930 
7657 
8552 
9161 
8843 
6873 
7517 
7422 
3635 
327 
9385 
522 
7708 
9697 
333 
989 
4422 
5708 
3798 
980 
5399 
1669 
3660 
658 
8019 
4488 
3795 
8291 
2559 
3077 
9365 
7672 
7756 
6420 
7759 
3615 
8759 
9595 
5879 
9700 
4429 
4004 
6739 
5373 
1903 
9988 
6445 
5972 
2408 
5066 
9508 
3796 
146 
5668 
4249 
2732 
8378 
8671 
1872 
5189 
171 
7947 
2868 
395 
9903 
2439 
642 
6261 
8814 
5532 
3038 
5578 
1681 
7321 
7971 
5389 
3165 
6513 
2264 
7004 
7683 
672 
8198 
6320 
8837 
7784 
3676 
646 
7439 
2174 
6425 
8429 
9904 
7715 
8322 
5944 
3712 
5002 
8084 
1450 
6816 
235 
3818 
3378 
8870 
9408 
3410 
5539 
5380 
7160 
1022 
5193 
9917 
7611 
4397 
3738 
9968 
9634 
2278 
4145 
9172 
5437 
505 
2035 
6756 
1743 
6093 
4135 
4690 
1093 
3950 
9908 
4143 
6988 
8320 
5979 
2913 
769 
4107 
9909 
7069 
1173 
7596 
9092 
2339 
4994 
3610 
9941 
6654 
892 
3812 
202 
453 
9128 
897 
2584 
7146 
9569 
4626 
1652 
2623 
6091 
9890 
8461 
4457 
3464 
1209 
4522 
2708 
540 
6124 
8356 
7148 
3361 
3490 
8304 
5671 
4963 
6854 
9454 
405 
2208 
4210 
5052 
3123 
8838 
6111 
4642 
5927 
7717 
1454 
5851 
536 
4316 
2666 
7488 
5752 
8674 
5326 
7212 
8675 
1432 
6740 
2182 
5298 
4824 
2703 
7514 
5845 
6088 
4729 
8926 
7054 
2394 
4321 
4372 
5615 
212 
7510 
6968 
2645 
7226 
8889 
8122 
1782 
5831 
1364 
559 
1216 
9866 
4947 
9463 
8349 
3959 
3673 
9602 
6197 
4915 
9044 
5440 
9183 
3853 
2798 
9363 
9280 
7469 
3947 
962 
4596 
4861 
6353 
1625 
4770 
9263 
1813 
2011 
5840 
2967 
4216 
4312 
9419 
5815 
1221 
8884 
6767 
9093 
4949 
6911 
6239 
9528 
8189 
7504 
7208 
5606 
265 
8955 
5148 
1271 
5823 
1508 
9055 
5171 
9830 
6440 
3200 
9061 
2311 
9008 
8550 
3234 
3061 
5127 
1502 
1397 
6118 
5122 
8486 
5229 
2122 
9133 
5620 
5739 
8325 
8811 
6195 
3942 
9800 
3694 
4188 
1213 
7370 
3383 
7774 
6074 
5667 
966 
8700 
9999 
1300 
8895 
626 
534 
3636 
690 
2574 
8614 
7958 
469 
3989 
5550 
6337 
6068 
3653 
7810 
9959 
3559 
3417 
2165 
4388 
2478 
4102 
5659 
7906 
512 
6846 
933 
4749 
1942 
1580 
5938 
1980 
8029 
5086 
5959 
138 
4691 
9037 
5991 
4533 
9020 
2738 
8806 
6982 
8757 
3567 
5689 
6981 
1606 
6053 
5521 
3261 
9658 
4766 
1832 
1325 
4650 
1907 
2935 
3397 
2587 
6943 
8470 
4993 
7616 
2015 
5275 
7177 
361 
9688 
5654 
9715 
2730 
1426 
6276 
3872 
6716 
7748 
7491 
9636 
7819 
8578 
2200 
2641 
1667 
6656 
5633 
1087 
3826 
6045 
5901 
2316 
9885 
1512 
3088 
8649 
8183 
7851 
6285 
5526 
4387 
666 
8503 
4572 
7049 
1964 
9466 
28 
4346 
6586 
8908 
6658 
4959 
3180 
7044 
1290 
8357 
5843 
3967 
3582 
3386 
9938 
5339 
7458 
8087 
7575 
6993 
449 
4296 
4591 
6632 
9834 
6033 
1232 
4491 
5046 
790 
5314 
7111 
5500 
6686 
4553 
1939 
564 
2145 
8205 
8457 
3019 
5798 
9296 
3001 
5769 
5422 
3803 
6115 
8422 
3219 
5474 
1501 
4950 
6064 
3563 
7713 
2362 
9813 
8248 
6063 
8933 
7211 
5146 
4657 
4031 
5446 
4403 
8781 
6390 
9063 
3316 
8246 
1541 
3971 
7131 
131 
834 
5644 
7087 
7576 
5425 
6738 
6067 
8656 
2399 
9521 
4326 
9790 
7674 
786 
2060 
2556 
9431 
7077 
9614 
1357 
8765 
2020 
8788 
1401 
6862 
8223 
5756 
3603 
316 
5696 
9372 
286 
2861 
7907 
6499 
6103 
8231 
1542 
7557 
8565 
352 
3745 
7816 
3851 
9721 
3772 
7937 
5728 
8062 
8645 
9427 
5574 
100 
7601 
8453 
1227 
223 
83 
3254 
1 
6766 
5426 
7806 
5403 
651 
6052 
1986 
2654 
3623 
4621 
9479 
7429 
8468 
45 
3326 
544 
5085 
9153 
5783 
1317 
1814 
22 
5919 
7818 
2970 
7917 
5741 
3529 
579 
742 
5675 
5771 
6258 
7805 
2852 
9314 
3345 
2831 
3894 
371 
3398 
3625 
7799 
5365 
3963 
6456 
9579 
590 
1723 
1908 
8020 
8888 
157 
3855 
8449 
2203 
5257 
9989 
9967 
8348 
2351 
3781 
5801 
5415 
2687 
6995 
3816 
2853 
911 
5232 
981 
8458 
2052 
9170 
2655 
3057 
4272 
6293 
8561 
8345 
1410 
8936 
4140 
2508 
2357 
8214 
3644 
621 
9631 
6786 
9820 
9926 
8314 
6381 
3771 
4990 
9218 
3506 
1362 
5543 
5978 
3060 
8083 
1798 
8465 
8420 
7834 
592 
3706 
9057 
663 
9770 
2359 
3737 
6957 
5082 
9168 
6600 
7385 
1717 
3759 
9257 
1752 
5196 
1110 
1969 
8123 
1315 
3105 
949 
987 
6000 
7918 
2001 
1926 
5064 
7258 
6850 
5916 
4694 
1156 
8454 
5637 
6794 
3459 
6482 
9673 
8028 
2025 
9078 
2142 
8308 
1009 
4570 
2403 
6547 
4008 
2118 
7027 
1923 
2914 
8629 
2411 
2192 
6602 
5580 
204 
1687 
3473 
6389 
6713 
3970 
9787 
6925 
1924 
593 
8514 
6131 
7204 
5566 
3434 
2295 
3770 
8815 
964 
8751 
7479 
679 
1396 
8518 
5791 
2583 
5933 
6428 
7161 
8721 
7691 
8479 
3264 
3504 
2581 
9561 
7315 
5451 
2034 
8635 
7675 
1495 
8690 
4405 
1338 
8395 
3554 
3531 
8850 
3003 
6944 
1341 
7151 
6411 
7168 
9555 
8852 
1867 
4848 
6277 
5282 
3116 
8515 
9123 
7589 
4413 
8767 
6647 
6933 
3193 
5005 
2057 
5166 
7697 
9065 
3752 
5740 
6144 
859 
4010 
4489 
1563 
152 
5495 
3329 
1630 
8086 
1049 
9756 
8061 
1560 
3156 
2784 
3683 
8352 
1610 
4541 
8559 
2620 
1575 
2807 
3002 
8743 
2626 
6833 
8400 
5833 
186 
4703 
1340 
8492 
3273 
7236 
5591 
103 
4592 
7468 
3296 
7740 
3321 
4408 
6362 
1369 
8770 
2146 
871 
3306 
6159 
8255 
3891 
7648 
4061 
7602 
8692 
2777 
324 
7073 
2911 
5537 
5533 
1658 
8144 
6610 
1520 
9782 
8119 
2952 
7950 
3757 
6083 
4260 
5197 
4011 
7852 
6167 
6663 
7821 
3489 
4462 
5013 
7406 
7256 
6620 
2279 
7859 
2872 
8101 
7046 
1313 
6531 
3725 
6696 
7570 
7665 
3290 
9741 
2818 
8504 
9474 
6273 
3517 
4175 
194 
1702 
1691 
4964 
8239 
623 
8247 
2280 
3435 
5140 
9226 
967 
3143 
4351 
6546 
8257 
9087 
8323 
4169 
4436 
1720 
3272 
4068 
9683 
3521 
2321 
3475 
6677 
3516 
9778 
4163 
9956 
9380 
4385 
5124 
6757 
1840 
2365 
8986 
2409 
4303 
2310 
7334 
1690 
8750 
5884 
5513 
147 
2318 
1459 
7725 
8959 
4018 
6666 
4098 
8570 
1921 
7887 
3698 
2091 
8013 
2965 
5790 
5385 
3677 
8364 
4197 
407 
2220 
1255 
5889 
3707 
1821 
3004 
8790 
2860 
5549 
1133 
261 
3440 
8581 
3187 
954 
2819 
8167 
492 
4262 
2783 
6800 
7976 
9487 
8213 
9108 
6878 
4081 
7084 
4800 
5303 
3258 
1536 
1567 
3218 
6311 
2543 
1214 
2636 
2083 
7033 
3267 
9870 
8365 
927 
9895 
4667 
3605 
4104 
7219 
2176 
174 
3602 
7680 
4139 
3496 
3144 
318 
4219 
9410 
7559 
6047 
5844 
8964 
6436 
2928 
4180 
5839 
5796 
7646 
3357 
4072 
3893 
5376 
9388 
5795 
1174 
969 
2633 
4149 
154 
6211 
4231 
1242 
4438 
6192 
9095 
2854 
2417 
2325 
7614 
6900 
8881 
5584 
2560 
2572 
9795 
104 
861 
409 
3975 
2944 
3281 
891 
2468 
5774 
2100 
2029 
8807 
1413 
6043 
4201 
2814 
1805 
2467 
1273 
2209 
1082 
9691 
2674 
3540 
5136 
4914 
2979 
7802 
7260 
5593 
1492 
7441 
6122 
5747 
1505 
6312 
2755 
6152 
8673 
7518 
9686 
9387 
9592 
3634 
2809 
7716 
5408 
6334 
1220 
7257 
5603 
1725 
808 
8939 
5020 
6946 
9386 
4322 
1552 
2327 
6970 
4923 
9695 
5047 
3051 
9070 
8406 
7662 
9827 
9144 
2899 
749 
3089 
9264 
3428 
2737 
1594 
1621 
7933 
2870 
9198 
3199 
5350 
1399 
6885 
2805 
7540 
7065 
382 
736 
6338 
2421 
6363 
4186 
7742 
7666 
3844 
6633 
4109 
8771 
4287 
6413 
441 
2567 
4027 
4395 
9851 
6941 
6137 
6117 
6732 
6177 
3726 
5587 
4560 
6029 
4131 
1643 
3431 
4610 
8573 
1730 
6013 
9228 
4150 
9252 
9297 
823 
4266 
9545 
462 
3810 
9625 
4389 
6698 
480 
2545 
1236 
7347 
6255 
4943 
7817 
6539 
580 
8008 
1430 
262 
8327 
4695 
3763 
1328 
1674 
1023 
3785 
4034 
4120 
6486 
3433 
7823 
4874 
3045 
4128 
4772 
8761 
6483 
7645 
1763 
5139 
6500 
9972 
760 
1597 
410 
8158 
4604 
237 
4609 
1378 
1909 
8946 
3657 
6688 
9103 
11 
9675 
5284 
3784 
2119 
934 
167 
845 
4681 
5848 
4410 
9436 
9199 
1206 
3850 
1853 
9605 
8215 
3958 
9483 
1591 
4365 
2171 
9922 
4355 
4568 
3237 
7051 
8254 
5709 
1514 
1938 
7945 
4343 
8652 
2039 
6848 
9872 
9021 
3037 
8960 
7129 
7019 
6986 
2412 
9858 
8004 
2117 
6199 
3912 
1392 
7274 
1107 
4662 
6508 
6001 
7032 
7110 
6871 
3324 
1404 
1544 
4880 
1915 
9310 
7569 
7931 
2632 
9716 
633 
3191 
2668 
7205 
379 
263 
7839 
2476 
9919 
5639 
791 
294 
8672 
6936 
6201 
1265 
2541 
5297 
3949 
1085 
8940 
839 
1285 
1448 
3310 
4698 
1582 
4660 
4755 
7583 
8141 
8074 
1379 
7535 
6787 
7558 
6955 
3755 
8288 
3480 
66 
3637 
7964 
2785 
1585 
7891 
3823 
974 
6844 
6129 
6189 
2266 
5417 
6451 
2003 
7988 
5279 
7269 
7920 
2323 
3210 
6149 
8621 
4562 
6609 
1347 
6032 
4676 
9274 
8663 
5178 
5698 
903 
116 
2112 
1802 
2218 
4460 
5830 
4967 
7909 
7584 
5168 
718 
1094 
7736 
1695 
9674 
9395 
5721 
1302 
3179 
7956 
6407 
7096 
7109 
9711 
1077 
7650 
5877 
3530 
2098 
125 
1168 
8210 
2431 
812 
6836 
9812 
5300 
65 
1437 
6423 
8032 
2109 
3702 
6461 
945 
2552 
1100 
1735 
7035 
5626 
6139 
8114 
6853 
1370 
852 
8816 
756 
5611 
7467 
573 
9570 
5237 
1177 
7638 
9799 
978 
1406 
2793 
1654 
17 
5035 
517 
7373 
6983 
5702 
9112 
4735 
3497 
6183 
5033 
3887 
2144 
4905 
1714 
7351 
6272 
4079 
3016 
9520 
9725 
2125 
7297 
5853 
5227 
3138 
8132 
2333 
8865 
2542 
1411 
1715 
8511 
4160 
4975 
3188 
6592 
5713 
6044 
2547 
4400 
9977 
7214 
8294 
19 
5814 
408 
9047 
5515 
6004 
664 
6450 
2324 
76 
4041 
3145 
292 
7904 
5819 
1228 
9702 
9693 
3399 
8984 
5470 
6857 
6519 
8920 
8792 
617 
9282 
2284 
6384 
2789 
8661 
4246 
302 
6078 
5904 
1068 
1072 
2460 
2866 
7824 
6517 
9538 
7873 
3923 
9492 
8166 
7718 
6926 
9750 
9288 
5661 
5163 
6101 
8526 
368 
8121 
6979 
2009 
2699 
3817 
3196 
2901 
8194 
516 
810 
9552 
2975 
445 
7566 
8549 
1478 
9208 
9753 
1129 
8464 
4414 
7733 
1675 
7115 
686 
9266 
1611 
5692 
9838 
5793 
9726 
8849 
276 
9373 
853 
1973 
2358 
3421 
5309 
6260 
1992 
9993 
8305 
2428 
7332 
5400 
5600 
1808 
6673 
9127 
7990 
698 
6771 
2511 
6659 
1694 
4057 
8726 
6012 
4932 
5816 
3802 
3508 
8667 
5246 
9145 
6105 
8749 
7103 
5966 
4557 
4712 
4278 
8872 
4044 
2088 
2849 
2634 
6019 
8541 
632 
9943 
5992 
4173 
8670 
1306 
4682 
6884 
1945 
7857 
62 
4876 
3342 
5518 
1928 
4052 
9811 
6262 
2137 
3311 
8292 
9350 
9883 
1389 
6617 
91 
4527 
721 
3211 
1465 
3232 
1320 
8887 
3658 
3532 
9849 
9269 
6626 
6469 
5428 
9623 
2364 
257 
938 
3897 
216 
5862 
8299 
5266 
7114 
7345 
4226 
2999 
8624 
7210 
3765 
3865 
3990 
5610 
4805 
21 
6870 
7501 
4477 
795 
4014 
5097 
2555 
8969 
6838 
1510 
6992 
6910 
8219 
8801 
6551 
7234 
8948 
3044 
7579 
6525 
3414 
3522 
7444 
2924 
5852 
9079 
8466 
9286 
8290 
864 
4294 
5313 
1573 
4740 
5822 
4940 
3512 
4077 
7853 
5238 
9091 
6934 
151 
8572 
2606 
9821 
6326 
9517 
5255 
6898 
2830 
6180 
5340 
4828 
3808 
2851 
5785 
3195 
5517 
2614 
9574 
8861 
3103 
9465 
8045 
2631 
3650 
4247 
1151 
5965 
8489 
2382 
1961 
3914 
1008 
1339 
5311 
2622 
6585 
7378 
591 
8613 
6123 
8828 
6080 
6157 
4929 
1513 
7846 
2465 
8319 
9771 
82 
7323 
5817 
6148 
7574 
195 
9942 
7912 
8053 
5886 
1342 
9832 
678 
959 
9535 
8739 
7863 
1125 
2983 
5249 
6250 
1264 
1762 
9856 
2481 
727 
9788 
8734 
3685 
585 
2558 
8495 
3753 
6990 
9403 
1006 
583 
3927 
1503 
2538 
6809 
4096 
2972 
3948 
6522 
2270 
4151 
6768 
6679 
6306 
6538 
7943 
6625 
5384 
1218 
735 
8264 
9125 
8015 
833 
4906 
9029 
5625 
9237 
3917 
173 
8943 
6790 
5677 
6832 
755 
6460 
6299 
4416 
1523 
4130 
5985 
7934 
5221 
5436 
4860 
8753 
5494 
6541 
7244 
7687 
8260 
8587 
1076 
4092 
8282 
182 
3743 
9066 
1623 
8424 
3276 
9398 
6715 
9615 
4844 
183 
7250 
2243 
2710 
7778 
5098 
4427 
1564 
3560 
1101 
1288 
2766 
2070 
4 
5945 
1878 
7318 
6391 
3130 
4850 
5362 
5173 
2742 
3099 
5936 
5590 
7397 
6555 
6987 
1733 
4016 
6319 
1533 
6315 
3053 
5088 
4508 
2248 
9874 
7698 
3192 
1256 
8177 
7757 
7597 
8162 
5195 
7525 
530 
9815 
4888 
8307 
4615 
2219 
6550 
1239 
7681 
7057 
4597 
6908 
2040 
763 
7744 
252 
9117 
254 
3721 
334 
9953 
6540 
3245 
2084 
877 
1274 
4803 
4437 
935 
8929 
4948 
883 
8783 
4065 
2803 
2415 
7079 
5119 
3013 
6132 
8996 
5577 
851 
955 
2300 
6574 
9850 
5343 
233 
8403 
187 
9970 
5076 
4047 
3390 
44 
4204 
2578 
9253 
1278 
3029 
5956 
7590 
772 
5996 
683 
7262 
1086 
2346 
7513 
4198 
1943 
5312 
3710 
1188 
2085 
6011 
1423 
3024 
2271 
1109 
4547 
7447 
509 
4865 
3848 
6796 
4536 
6606 
5656 
3125 
5781 
1966 
2391 
636 
7889 
1666 
9254 
3175 
9914 
5336 
2610 
2589 
7089 
2407 
8156 
6401 
6463 
9755 
9014 
747 
5258 
6958 
2844 
5040 
2750 
8220 
9458 
1466 
5866 
9921 
9149 
2881 
2898 
6406 
9547 
4255 
92 
9846 
320 
7556 
1848 
192 
7897 
8232 
3593 
3372 
5641 
5293 
9783 
5369 
7500 
4973 
3774 
8950 
8103 
3906 
4465 
5179 
4722 
2864 
6349 
2917 
7694 
6287 
7630 
648 
2094 
4954 
6503 
4122 
9587 
9322 
6678 
2477 
1137 
4220 
4879 
2566 
6913 
9140 
5165 
8563 
3294 
6489 
8890 
5188 
7999 
9432 
7387 
2299 
8202 
8608 
50 
9873 
5301 
7295 
5921 
3551 
2294 
428 
8666 
7562 
8897 
6776 
7132 
807 
8273 
2787 
6347 
5759 
1203 
1004 
5516 
8306 
5102 
2265 
8655 
2036 
2682 
6803 
7013 
8571 
3213 
4901 
2457 
1634 
4639 
7196 
2591 
5913 
1289 
1212 
3178 
5976 
3589 
3873 
4412 
9391 
2902 
6343 
454 
963 
2150 
5869 
285 
6099 
4476 
3047 
8980 
4148 
7553 
914 
7803 
1056 
1043 
136 
60 
8643 
6226 
1185 
6184 
7750 
1353 
3618 
9396 
2957 
5368 
2822 
2492 
539 
9643 
3110 
5882 
6028 
5263 
3041 
2128 
2734 
5467 
2075 
9035 
4602 
9752 
5353 
322 
6377 
8390 
562 
1540 
8316 
2401 
7541 
4909 
4831 
13 
8979 
4203 
3302 
369 
4789 
4194 
8985 
4858 
3920 
2865 
8813 
1617 
1724 
3050 
303 
8732 
1753 
488 
1079 
4368 
4374 
514 
4449 
3146 
8094 
5525 
4631 
1115 
8269 
9875 
3777 
483 
213 
2667 
4939 
7993 
4371 
2132 
1333 
2747 
9089 
2056 
6220 
2890 
4988 
4080 
1838 
4464 
4956 
4526 
3205 
8463 
4520 
5860 
1493 
1801 
4579 
9998 
7483 
2499 
2488 
3791 
1660 
403 
606 
8654 
3275 
6569 
693 
4295 
4099 
2536 
635 
5905 
9424 
7255 
8537 
3513 
3247 
528 
8092 
128 
4899 
566 
3788 
323 
3503 
890 
9 
524 
3280 
2671 
8681 
2736 
704 
354 
8277 
8737 
4986 
5571 
2695 
7243 
4567 
2903 
2507 
5794 
6253 
1731 
5101 
800 
1318 
2093 
1845 
6288 
7752 
9267 
3829 
9744 
1298 
6145 
6570 
9537 
3209 
8199 
1806 
6110 
8447 
3938 
6868 
4245 
4191 
4291 
5902 
115 
4185 
5424 
1693 
94 
6231 
4265 
1777 
7996 
582 
442 
9293 
7383 
5821 
821 
260 
7171 
5826 
2997 
7832 
436 
8054 
3718 
2523 
9072 
5223 
6475 
9418 
5029 
5863 
7890 
1927 
8484 
9238 
9709 
6883 
1186 
7075 
3174 
3248 
7224 
3714 
8977 
8829 
7239 
3265 
51 
7382 
9405 
5143 
9670 
4574 
8278 
5067 
6358 
7178 
4511 
2090 
8151 
3999 
1979 
8695 
4841 
6247 
5028 
6781 
9154 
1672 
5187 
7984 
2782 
9150 
8599 
9739 
7981 
9438 
9232 
1292 
8628 
4466 
8855 
5601 
4340 
6345 
8580 
9640 
388 
5943 
792 
8321 
4779 
1618 
3006 
7633 
1367 
5156 
9543 
1561 
2136 
537 
6160 
7621 
5907 
4375 
381 
4897 
5935 
7064 
8102 
2353 
1139 
7986 
1429 
7203 
9131 
9104 
4179 
1742 
4987 
1989 
3670 
1152 
9315 
7209 
6636 
9960 
99 
4559 
9554 
5703 
7187 
3387 
3368 
9981 
7093 
9500 
6877 
7930 
6263 
5663 
8676 
3430 
8136 
8043 
9178 
925 
5736 
9779 
4085 
47 
3452 
299 
8359 
2954 
2637 
5538 
9696 
1310 
4936 
1182 
2845 
5374 
2968 
1471 
5548 
5392 
1451 
114 
9248 
2363 
7961 
4494 
9323 
533 
7227 
452 
5753 
3746 
5716 
4835 
7793 
4765 
8742 
4317 
4655 
1020 
7425 
2253 
7149 
5655 
3083 
3822 
9810 
7944 
3262 
6516 
1780 
2164 
2274 
8289 
9003 
2249 
8694 
9859 
713 
7311 
7279 
1656 
9822 
1688 
9791 
7092 
1081 
6894 
1490 
277 
9473 
8152 
6840 
4611 
8072 
6336 
9188 
6016 
5358 
6621 
5307 
4992 
5032 
9566 
778 
77 
7745 
1038 
2716 
5302 
9069 
3117 
68 
7271 
8951 
8602 
7858 
2338 
3070 
4097 
4565 
4049 
7497 
3086 
8459 
7242 
6918 
1136 
5114 
2179 
9748 
1819 
5121 
2501 
5125 
4127 
9301 
2046 
3939 
3158 
2371 
70 
7815 
2302 
7705 
4448 
8380 
8957 
3112 
3846 
5883 
7363 
3933 
1436 
8425 
9638 
8968 
2452 
3285 
7366 
7409 
1165 
9067 
8064 
740 
176 
9706 
7288 
5497 
9312 
3328 
87 
6997 
7712 
2389 
6575 
6035 
1247 
797 
5746 
2740 
110 
5225 
6931 
5547 
5450 
9594 
1102 
1189 
5375 
432 
1635 
451 
568 
4984 
8591 
1678 
8474 
8756 
1936 
6788 
2343 
7800 
9251 
7056 
3695 
6667 
9018 
1998 
9313 
7765 
4091 
6919 
8941 
8682 
2440 
1861 
3096 
3833 
1463 
122 
1092 
1332 
5438 
8520 
4433 
661 
3591 
3292 
6473 
9371 
8195 
5738 
6634 
123 
1534 
4756 
7701 
6628 
4648 
2653 
2474 
6817 
5310 
7864 
4913 
4284 
8949 
9837 
106 
494 
1673 
5204 
7127 
6439 
3723 
5100 
5557 
9333 
8030 
535 
9743 
6566 
3246 
6640 
5429 
9306 
876 
6820 
1946 
2087 
5401 
5348 
1679 
4700 
9814 
8002 
4852 
5222 
2781 
1959 
7300 
1033 
1382 
81 
1240 
520 
7128 
6233 
8963 
9200 
594 
8265 
6690 
3953 
4352 
2260 
8150 
7141 
3487 
8438 
2664 
3619 
5699 
4064 
6100 
5379 
2210 
6587 
8932 
1810 
2286 
5383 
7928 
6603 
5602 
24 
6284 
52 
7420 
9249 
5665 
358 
7456 
5876 
5431 
1770 
5892 
8235 
6653 
5939 
8243 
1815 
9742 
809 
2076 
2987 
5367 
7248 
4076 
609 
6270 
1017 
6737 
6289 
8137 
2815 
9621 
3463 
691 
9328 
895 
3062 
6639 
7615 
5278 
3730 
5512 
7893 
4125 
6798 
4706 
2207 
1488 
2158 
1968 
909 
5199 
4467 
332 
6823 
172 
1103 
9214 
8505 
205 
6860 
3961 
3314 
1768 
2217 
739 
4666 
1734 
2876 
9246 
5006 
9898 
2684 
6095 
3571 
3880 
1446 
1243 
9789 
3228 
8388 
5209 
6722 
6046 
7416 
127 
6006 
5900 
9905 
5055 
2743 
6459 
6711 
7794 
1744 
2048 
5323 
9004 
3356 
3754 
8989 
2352 
5906 
1636 
2915 
5686 
5004 
7591 
5779 
3573 
7122 
8502 
7760 
5433 
2335 
3467 
4456 
9270 
2762 
3460 
7798 
6223 
5191 
2663 
4505 
885 
9957 
6036 
1192 
2161 
2912 
1088 
6806 
6558 
3132 
7564 
8383 
4028 
574 
2561 
4307 
1646 
3728 
5631 
6056 
5952 
7285 
3604 
9597 
4777 
1051 
108 
8845 
8970 
1096 
4716 
7880 
1849 
7080 
6216 
1196 
917 
6644 
9575 
996 
2170 
7094 
4877 
1661 
4883 
2336 
6295 
7121 
7959 
9714 
2692 
6689 
6057 
7086 
6960 
3624 
3607 
3332 
7104 
9505 
5145 
2862 
6466 
7048 
2512 
7308 
7181 
6561 
8455 
5027 
1565 
8346 
2092 
1509 
7090 
8328 
8626 
7722 
8001 
2998 
4224 
2650 
1114 
1657 
8360 
8446 
1219 
7091 
2758 
3913 
1898 
5684 
7935 
5261 
3995 
4776 
567 
999 
1293 
4146 
8605 
170 
1756 
780 
5023 
4551 
8928 
9965 
6831 
196 
4699 
9124 
7195 
548 
2348 
3859 
7264 
5411 
8009 
3381 
4269 
8842 
4518 
5320 
8095 
9221 
1952 
7982 
9585 
2728 
8284 
8361 
3668 
9210 
7059 
9806 
3761 
2469 
2749 
4734 
2605 
2317 
7106 
107 
5990 
9134 
1519 
2102 
8633 
3827 
7512 
2918 
7953 
4470 
4310 
1359 
9122 
4504 
4366 
9573 
2744 
2670 
431 
1830 
8044 
1982 
8698 
2520 
8534 
2839 
832 
654 
5624 
6164 
4164 
5069 
8647 
9036 
2753 
8496 
6536 
9148 
3535 
6356 
7624 
2946 
5355 
6202 
5346 
2482 
7286 
937 
1886 
6274 
330 
1011 
9819 
7693 
6185 
2435 
8862 
3553 
5836 
7884 
2896 
3093 
9114 
1972 
2290 
1119 
4833 
5486 
5564 
2268 
7656 
1155 
8398 
5505 
2524 
7952 
1415 
1767 
9707 
1270 
6386 
1522 
888 
466 
7922 
8530 
7340 
4168 
8488 
8904 
5342 
281 
915 
7768 
4717 
9990 
3365 
5394 
4534 
5527 
6308 
1039 
1071 
6847 
9375 
1468 
1233 
1475 
1971 
3629 
1198 
4934 
1248 
1833 
7619 
398 
5717 
1091 
4424 
1668 
9542 
4798 
4702 
5867 
5930 
2960 
8012 
4767 
427 
3965 
3453 
1003 
1554 
2906 
4492 
2711 
2247 
8575 
3682 
8165 
9581 
8639 
471 
1031 
8869 
4264 
7359 
4966 
8697 
162 
867 
9653 
2993 
6741 
4458 
2504 
8545 
2096 
7487 
8396 
2250 
8059 
6691 
9646 
2985 
4144 
6493 
4904 
8521 
1856 
2588 
2718 
1893 
905 
7375 
3287 
3113 
7284 
7278 
9863 
9586 
9596 
55 
5288 
455 
1122 
9958 
8452 
6730 
306 
3391 
4455 
4693 
5847 
975 
5423 
364 
2502 
6924 
1682 
7391 
9005 
5586 
2451 
6723 
4362 
9411 
4778 
8990 
6530 
4723 
7507 
1670 
5455 
9171 
6998 
4500 
8296 
1772 
4250 
1178 
448 
8271 
5477 
8778 
9659 
6939 
5734 
5560 
4283 
906 
9655 
1428 
7826 
2679 
304 
5274 
7690 
4513 
6635 
8335 
6761 
7977 
5787 
7682 
665 
8450 
2447 
7773 
869 
3678 
342 
5264 
720 
8 
1059 
7319 
3136 
9113 
1440 
8041 
8839 
9662 
9404 
6382 
7474 
360 
5447 
2826 
4070 
2702 
3087 
9443 
4023 
1121 
5452 
1935 
3825 
5364 
6504 
9326 
8088 
9064 
3509 
4916 
5443 
7150 
5087 
9445 
9802 
3681 
468 
2517 
6175 
1716 
5296 
4181 
5366 
4834 
3092 
8878 
695 
6880 
6409 
6037 
6484 
6797 
2191 
5241 
9111 
4942 
9514 
6098 
39 
930 
9141 
5409 
4353 
2528 
9911 
8350 
705 
4357 
3468 
9100 
7112 
9523 
3429 
2397 
8229 
9197 
6176 
3408 
6793 
4952 
7595 
2926 
6237 
2157 
6999 
9166 
4733 
2402 
8987 
9971 
372 
8340 
4804 
673 
6207 
5598 
347 
3204 
2151 
5065 
3252 
8434 
1497 
3450 
4215 
4258 
267 
9964 
1889 
7741 
3651 
2919 
2008 
6140 
4324 
1251 
6249 
9966 
9633 
3569 
1797 
280 
4225 
9434 
4141 
4620 
7045 
2889 
5262 
298 
8760 
4593 
9007 
3208 
1758 
9457 
3907 
2334 
180 
1120 
4115 
1631 
722 
5050 
8727 
5652 
5277 
4668 
5506 
5103 
7336 
7647 
7455 
5045 
9074 
9794 
4720 
9632 
1297 
1445 
4552 
1447 
1824 
4921 
8630 
9105 
4846 
8808 
4039 
9746 
279 
1061 
2778 
7381 
6188 
4253 
3476 
1965 
3898 
63 
811 
5361 
3315 
9601 
4945 
6762 
1995 
6557 
4208 
7480 
2298 
6917 
9549 
1040 
2106 
9318 
9703 
4329 
2213 
829 
9969 
9420 
8125 
9608 
9546 
7689 
7582 
3841 
7041 
8354 
2731 
1860 
6893 
8018 
9677 
6186 
7305 
2927 
4029 
8834 
336 
7411 
3930 
7686 
8540 
2900 
2262 
6814 
1420 
2173 
2143 
5305 
4612 
681 
8791 
6588 
9963 
5468 
6719 
9888 
4866 
6964 
1281 
3235 
6876 
3562 
3000 
719 
9855 
8835 
9731 
6228 
9106 
1229 
3366 
1571 
2562 
2576 
6714 
8048 
420 
7410 
3997 
9060 
362 
7484 
2942 
1692 
9329 
3830 
767 
7481 
7342 
8169 
8994 
93 
5116 
4483 
5575 
2180 
6966 
9278 
5950 
5531 
3301 
8262 
1755 
345 
8701 
5128 
5074 
57 
8106 
4442 
1388 
9915 
5061 
3032 
7495 
6532 
4430 
40 
6429 
8090 
2526 
6209 
6256 
7431 
3405 
9484 
8644 
9482 
7703 
3439 
9077 
743 
6708 
7995 
1268 
7711 
8204 
3976 
4582 
5674 
6468 
1069 
4585 
659 
9491 
8832 
5304 
8820 
4113 
319 
6567 
5895 
1045 
7828 
439 
5031 
4055 
119 
4331 
5349 
6743 
8063 
7511 
4924 
7629 
9952 
394 
8590 
7545 
1259 
1127 
2976 
1890 
3268 
5618 
5529 
9645 
3014 
5657 
7955 
3585 
6087 
1530 
9987 
43 
5949 
8081 
9847 
6652 
3918 
3363 
9997 
9617 
84 
9189 
3882 
6435 
3645 
9893 
9245 
7360 
9425 
8478 
7443 
35 
3304 
8245 
9920 
3026 
9459 
5441 
4999 
9196 
1479 
2619 
8995 
7232 
4561 
3030 
6161 
3479 
9041 
165 
353 
6613 
5802 
4095 
7405 
3542 
8402 
9195 
8544 
9461 
9668 
8035 
2981 
3409 
3936 
9184 
793 
2197 
3904 
2459 
8021 
5666 
5205 
6020 
4358 
7910 
9524 
2193 
4575 
724 
7394 
6591 
3756 
1472 
1622 
7547 
6938 
2925 
6967 
5256 
3362 
7811 
9867 
8944 
1776 
6735 
3955 
7247 
689 
6515 
3966 
9050 
4896 
1914 
1775 
5407 
1911 
8182 
8528 
5099 
9382 
291 
2909 
8267 
5472 
8921 
6804 
33 
5118 
8358 
3792 
9563 
4114 
9207 
4087 
8598 
2141 
8616 
4306 
671 
3085 
4671 
5630 
6869 
3680 
7392 
9656 
5378 
1375 
8252 
8116 
575 
8610 
7892 
5504 
9504 
6874 
5322 
9142 
794 
2933 
3720 
4066 
2585 
6505 
5827 
8333 
7296 
2489 
6845 
3095 
9302 
8702 
9022 
1532 
1172 
647 
5572 
518 
1352 
822 
4692 
8567 
259 
2660 
1741 
8373 
8543 
9676 
2706 
5471 
4154 
191 
1601 
764 
2596 
5957 
273 
8594 
9891 
145 
1997 
5141 
3170 
46 
9009 
850 
9316 
4960 
9979 
4654 
4432 
6618 
2812 
543 
7528 
6092 
3964 
8917 
3977 
1063 
1253 
7862 
8414 
9281 
7138 
5989 
341 
4493 
3616 
3373 
6724 
2244 
7925 
3831 
8725 
6481 
6896 
5492 
5727 
3928 
2385 
5093 
6051 
8712 
8437 
5865 
7970 
2600 
9449 
2216 
549 
2416 
3190 
9512 
7283 
5970 
9945 
9381 
5705 
5347 
2480 
5445 
2977 
3353 
2506 
9841 
6576 
6524 
5648 
6717 
1578 
9723 
9262 
2938 
9174 
7516 
2969 
3617 
3323 
1029 
1956 
7560 
7588 
3412 
4664 
1150 
7368 
4361 
2823 
600 
2462 
4920 
5062 
9947 
6552 
7830 
8036 
1135 
9881 
7894 
8586 
1603 
214 
4633 
8046 
3533 
4732 
9352 
8347 
4726 
4935 
75 
7082 
8005 
3436 
1393 
3067 
1376 
8714 
8491 
7728 
3458 
3937 
5170 
8731 
1249 
9626 
8510 
7731 
7476 
6727 
3185 
4060 
7034 
6702 
8135 
8113 
896 
7343 
4506 
1583 
3783 
5268 
7298 
9354 
1261 
4116 
2627 
1919 
3223 
7072 
4889 
476 
611 
1366 
9216 
2228 
5554 
2771 
9932 
8281 
1614 
6577 
1978 
164 
3983 
1460 
2590 
9146 
8611 
5556 
8336 
4910 
1826 
6121 
4762 
5540 
8856 
2189 
8003 
1363 
4285 
9939 
7895 
8099 
4989 
8762 
2775 
8026 
9879 
1984 
6399 
5812 
250 
4074 
2867 
1572 
1194 
2427 
69 
7043 
714 
6379 
1958 
3445 
4563 
862 
8191 
5903 
921 
4471 
384 
2790 
9796 
491 
3622 
3552 
5841 
7303 
4751 
971 
5682 
9181 
2776 
8482 
8381 
4809 
7781 
3943 
1266 
8809 
2105 
7782 
9231 
5182 
4911 
8138 
479 
4900 
4084 
5381 
1425 
4823 
2964 
9522 
2078 
3797 
5649 
7822 
7450 
6962 
4024 
9768 
4855 
3207 
6332 
6304 
502 
7668 
6059 
2495 
25 
9260 
3919 
5722 
8331 
7191 
3031 
6421 
3709 
8934 
2824 
1201 
3687 
9229 
4013 
6529 
2393 
3331 
8523 
3915 
2768 
9399 
6754 
7809 
8696 
9698 
15 
1036 
9848 
4089 
3565 
2791 
7322 
8516 
437 
5242 
1335 
5928 
932 
3419 
939 
9356 
4461 
588 
4373 
4675 
889 
2712 
5158 
701 
9446 
8109 
8209 
2751 
5068 
9338 
9727 
3869 
4857 
2829 
5039 
5152 
9152 
9211 
4773 
7808 
4022 
4184 
9556 
6596 
9900 
9886 
8128 
9364 
5444 
79 
2989 
288 
619 
2275 
4407 
8763 
5894 
9496 
2725 
8740 
9501 
9177 
1988 
2129 
7182 
4484 
2808 
5968 
4337 
7268 
2229 
9759 
5070 
9854 
2019 
9576 
4968 
7003 
3176 
135 
6109 
4487 
6779 
2006 
5772 
4944 
9377 
3425 
7174 
9975 
8612 
3820 
8978 
7954 
1905 
3632 
8153 
3168 
2715 
8709 
8665 
7967 
2573 
7872 
6027 
8216 
2532 
2662 
2531 
826 
816 
5948 
970 
9647 
2817 
3692 
7780 
3416 
438 
9401 
435 
7364 
7053 
6205 
4435 
1416 
7200 
596 
2570 
2658 
6991 
3934 
3257 
1576 
5838 
8693 
8368 
6339 
7739 
9444 
7973 
8367 
8297 
1395 
4647 
9160 
7100 
7294 
5351 
2347 
4741 
2518 
3122 
4815 
144 
2943 
5873 
1358 
1697 
1904 
7825 
2923 
5704 
5868 
2661 
9896 
7860 
8779 
7845 
1258 
1250 
8416 
7070 
4110 
5159 
5011 
5870 
5973 
443 
9583 
4802 
879 
1485 
7452 
3134 
6580 
6232 
9481 
8729 
5317 
1835 
644 
3150 
7157 
2063 
7692 
3847 
4810 
6414 
2259 
9892 
2354 
8006 
3801 
7709 
2226 
545 
181 
9671 
8982 
6582 
8918 
7473 
3986 
2292 
1197 
1703 
2515 
1030 
5617 
5691 
7916 
5149 
887 
8037 
3654 
8632 
4603 
7485 
9950 
6568 
9305 
8894 
9300 
9667 
6113 
7307 
8848 
8746 
5576 
3665 
3991 
8130 
9933 
1548 
7972 
7421 
968 
1343 
1707 
4837 
7272 
2800 
5872 
7472 
9887 
4826 
7123 
4207 
7326 
429 
8170 
3318 
9644 
5676 
7173 
4758 
8723 
8925 
783 
3369 
4094 
4868 
7023 
6254 
9604 
5316 
4665 
8782 
1829 
819 
1941 
8772 
5888 
5496 
2010 
4882 
7071 
5465 
253 
847 
586 
815 
2484 
997 
6396 
6921 
4946 
4517 
3461 
7649 
7163 
9298 
4382 
5545 
1504 
3124 
5228 
5768 
2540 
2380 
5800 
1371 
7348 
2608 
6204 
3780 
3286 
4451 
1483 
9982 
8070 
3612 
4856 
9406 
219 
4121 
7338 
7282 
3036 
5377 
2455 
1409 
4248 
4020 
2855 
1918 
9845 
8221 
8016 
3335 
7372 
3377 
5416 
6573 
7135 
9000 
7413 
1351 
8718 
2931 
7228 
5623 
1711 
9220 
7328 
7361 
7125 
529 
5058 
7673 
1128 
9163 
6660 
7905 
3697 
1321 
9176 
4336 
6437 
7312 
5253 
4480 
2780 
8129 
2121 
1975 
2355 
4182 
4649 
3338 
6280 
3874 
9853 
1930 
6903 
2304 
2595 
2704 
4742 
1874 
7162 
9490 
124 
6297 
8891 
3884 
3221 
246 
1024 
5969 
7470 
4878 
652 
9901 
2618 
1067 
9453 
2948 
6789 
6355 
1050 
8720 
2068 
7578 
7555 
4832 
7635 
5658 
1287 
9276 
2879 
7987 
363 
5977 
2233 
9409 
5975 
2688 
4007 
4985 
2873 
4415 
3998 
4768 
3447 
5724 
2021 
8338 
5056 
1701 
1299 
613 
8180 
5917 
7795 
7353 
8883 
4021 
6864 
7466 
581 
4890 
4227 
1892 
5941 
504 
3505 
3909 
8607 
2850 
7238 
4330 
5589 
4396 
4503 
7835 
2479 
779 
9775 
6119 
1628 
7609 
6010 
8031 
2483 
4814 
9572 
6753 
2615 
4356 
6683 
3333 
3581 
4002 
4632 
1612 
5043 
8582 
3561 
8620 
3129 
6637 
9437 
5153 
4759 
5289 
8146 
9023 
1360 
9346 
1910 
8047 
7448 
5080 
8386 
1974 
8164 
7913 
8272 
1111 
2450 
2373 
6963 
4894 
1187 
8971 
3646 
8927 
56 
7465 
837 
5706 
1257 
4745 
5811 
5923 
5110 
5201 
8997 
3420 
9663 
9649 
844 
4849 
5565 
2575 
9330 
1473 
4499 
7280 
785 
4289 
1891 
2832 
3220 
1015 
604 
293 
2888 
6834 
3474 
8653 
4042 
2201 
7827 
373 
3739 
555 
6584 
1385 
1705 
2689 
6687 
1441 
5733 
2685 
8706 
2051 
1345 
1649 
5334 
4228 
1053 
8821 
1728 
6196 
1184 
4528 
1953 
1356 
4710 
6773 
198 
4205 
3870 
380 
8000 
7567 
7769 
6680 
9507 
5271 
4308 
827 
8033 
4474 
6330 
4341 
2513 
8554 
6527 
3511 
1089 
7180 
924 
9925 
1153 
2437 
3022 
4334 
7085 
5750 
3455 
1444 
6837 
1048 
5842 
9307 
4088 
2858 
3048 
5551 
8606 
6544 
6811 
6400 
1796 
4111 
3804 
1570 
3705 
8569 
3574 
1637 
2707 
9295 
2054 
1314 
2941 
1850 
9272 
498 
9096 
8911 
6545 
1097 
6548 
4286 
9994 
5995 
6649 
2612 
1746 
5395 
960 
1664 
9086 
5329 
9548 
5502 
2810 
3956 
3835 
4598 
3778 
7055 
9292 
6457 
712 
3081 
995 
6828 
1721 
1144 
6615 
5994 
2527 
2534 
1070 
3385 
9006 
3424 
2369 
3319 
2792 
4380 
6102 
9962 
2949 
7585 
9206 
1164 
820 
6506 
6829 
1480 
2395 
5542 
2724 
8768 
9772 
1639 
9785 
9130 
4618 
218 
6424 
9804 
271 
3017 
9946 
8375 
3486 
9039 
9415 
6564 
9073 
238 
5997 
9475 
3860 
3432 
7844 
5730 
9040 
500 
1169 
6018 
6174 
3401 
4790 
3230 
1149 
1609 
4271 
3696 
1599 
3327 
4138 
2448 
1408 
9043 
2537 
1538 
5254 
6951 
3349 
4384 
2693 
589 
4862 
9440 
1774 
5335 
269 
8562 
8539 
9871 
3614 
6071 
8942 
3370 
4550 
8748 
9692 
7012 
1272 
6902 
1581 
802 
2745 
8363 
6039 
7301 
7924 
1044 
331 
8427 
8124 
6236 
3925 
2471 
8766 
9826 
5285 
6865 
3890 
8730 
1689 
9738 
2698 
6213 
7965 
1655 
95 
1373 
2939 
1113 
4884 
6097 
3184 
4510 
3375 
5060 
4450 
9732 
5616 
3140 
272 
4535 
4411 
9320 
6498 
913 
7498 
631 
9694 
8547 
6005 
8896 
8713 
2224 
9519 
365 
4796 
787 
6335 
6203 
746 
614 
4637 
6024 
3814 
9580 
6200 
3988 
7331 
3157 
7787 
3255 
422 
3198 
5022 
9430 
37 
120 
4554 
4282 
3364 
5137 
2802 
6662 
4106 
7105 
7371 
5737 
8411 
7886 
4434 
603 
1985 
7550 
6265 
9652 
203 
2221 
5016 
5621 
643 
1864 
4785 
4782 
5420 
3856 
4847 
5890 
1875 
950 
7270 
416 
5672 
2263 
4872 
9392 
2148 
3260 
3819 
6563 
4161 
9186 
2990 
7526 
5891 
3839 
7919 
696 
676 
4325 
1737 
5635 
5463 
5240 
737 
2058 
6383 
942 
470 
1906 
1749 
2932 
2425 
8315 
3162 
4859 
61 
605 
1616 
3194 
307 
234 
3957 
8860 
9317 
7868 
5762 
7030 
387 
8603 
3845 
9544 
6267 
3979 
4221 
7299 
6772 
9530 
4328 
5731 
6447 
1207 
3241 
2079 
20 
2169 
1738 
685 
1868 
9809 
2982 
7418 
4147 
6855 
2043 
9757 
6072 
781 
6040 
2314 
8295 
6066 
3011 
615 
5541 
9485 
9637 
6075 
6426 
6875 
1895 
818 
3510 
2429 
3502 
3679 
111 
5509 
8507 
5160 
1549 
6665 
9138 
5283 
5743 
4659 
7206 
8965 
8040 
6458 
8391 
5024 
7042 
1484 
3691 
8786 
3527 
101 
2841 
7702 
7506 
733 
9489 
7792 
4822 
5357 
684 
2390 
5767 
2081 
6453 
7710 
5391 
5912 
2519 
4799 
7009 
1899 
7215 
7529 
7754 
2196 
5693 
6049 
904 
8686 
1181 
6994 
5206 
8085 
5558 
1414 
4123 
1118 
5962 
1876 
8069 
3824 
7116 
7233 
9448 
8966 
3843 
634 
6783 
8173 
8879 
9724 
3457 
2293 
4781 
5180 
3320 
8456 
2546 
584 
5723 
3558 
7327 
3249 
5434 
6805 
6725 
3832 
3166 
6126 
177 
8100 
418 
741 
6792 
6296 
4277 
1823 
9560 
6559 
7440 
3137 
6721 
2466 
6887 
669 
6449 
645 
6281 
1117 
6441 
9828 
3541 
2677 
6748 
4459 
2516 
5664 
9951 
2756 
9923 
8148 
5490 
8212 
2772 
4290 
4315 
4261 
3729 
2433 
6769 
8467 
1223 
3962 
486 
2569 
5108 
2198 
1917 
8853 
4549 
699 
2681 
8857 
3664 
2565 
3266 
7412 
1916 
1960 
3484 
3413 
3528 
6042 
1600 
8014 
7738 
7486 
6430 
6341 
2628 
1323 
8107 
7275 
2739 
4379 
2811 
5760 
9541 
4183 
731 
1269 
6279 
6490 
9030 
3278 
7028 
972 
3766 
4747 
3055 
825 
7287 
9651 
9986 
4918 
4267 
8625 
569 
6206 
7901 
5754 
4718 
3716 
2774 
7829 
8168 
5190 
7743 
3525 
3689 
4769 
4252 
1882 
8981 
8025 
5929 
6130 
8371 
7133 
243 
2059 
7519 
1403 
5194 
4788 
9606 
8576 
3283 
2047 
1740 
7661 
7790 
6961 
2238 
1729 
3346 
1456 
1105 
2041 
8412 
627 
8115 
9331 
9110 
2184 
2374 
4230 
773 
4829 
4787 
5780 
1055 
9336 
49 
7622 
1949 
4938 
8538 
8140 
6048 
8435 
5758 
7552 
8952 
9368 
4743 
1994 
3980 
1811 
9562 
7337 
2160 
752 
9973 
7494 
1757 
2159 
58 
9348 
3715 
5875 
4965 
3395 
5859 
2231 
3466 
5984 
553 
1521 
7812 
3587 
7076 
5084 
3507 
2643 
5464 
8233 
2958 
4189 
5579 
5582 
2553 
169 
4744 
8579 
8973 
9808 
7537 
6750 
4069 
5614 
3322 
2301 
9393 
3666 
6030 
4714 
9995 
7985 
344 
137 
4584 
9335 
8794 
1963 
6163 
8826 
6664 
4159 
2319 
7040 
1066 
9370 
5934 
9001 
7415 
1099 
2463 
4383 
9503 
301 
7241 
7184 
4293 
4709 
9400 
9126 
8181 
3769 
7720 
7903 
1078 
8736 
4719 
5453 
9774 
1557 
197 
9516 
5126 
9518 
5782 
8355 
5786 
7050 
828 
2017 
599 
4083 
8953 
2539 
6948 
8691 
6438 
8512 
1482 
4394 
8226 
2212 
951 
4928 
4589 
2341 
1002 
8060 
2378 
9661 
7678 
1877 
1064 
2592 
6681 
4780 
390 
1900 
3020 
723 
2330 
5015 
5469 
2719 
4036 
8680 
6571 
7143 
992 
5328 
2678 
6238 
4190 
7505 
928 
5402 
7194 
8919 
7789 
5325 
6454 
6549 
6755 
1443 
7349 
7402 
3611 
7265 
4174 
2741 
7772 
1515 
3382 
1710 
9340 
2442 
7749 
6360 
2973 
6694 
9532 
9564 
8418 
5942 
5485 
6090 
3340 
5198 
9319 
7367 
6858 
9618 
9460 
3406 
7020 
8738 
4333 
7663 
5019 
2514 
5186 
1161 
7791 
326 
782 
640 
3537 
8662 
5714 
3538 
2461 
7047 
3299 
5697 
2344 
4971 
5404 
856 
8962 
2028 
178 
8098 
7158 
3454 
3688 
3426 
9259 
2475 
5354 
4919 
9672 
8708 
105 
1419 
6452 
5154 
9829 
9591 
1795 
3010 
6344 
8268 
3153 
4746 
1727 
979 
8992 
4624 
2882 
926 
1075 
4674 
7538 
9610 
9472 
467 
4730 
3300 
8423 
7508 
3544 
2443 
3065 
525 
728 
3389 
9781 
6612 
2613 
1469 
9760 
8564 
2138 
206 
3548 
4677 
9690 
5330 
8097 
8261 
5219 
4440 
1084 
1412 
7029 
8330 
6054 
2080 
6608 
2496 
2675 
6916 
1884 
5057 
1348 
4067 
7869 
4339 
616 
4043 
7628 
4753 
3009 
3360 
4419 
9944 
5184 
4794 
6278 
6676 
1402 
872 
1647 
1215 
2669 
2884 
3012 
450 
766 
2306 
7169 
943 
4791 
1387 
6700 
9450 
985 
8415 
2820 
8110 
670 
5911 
6830 
9912 
8052 
3422 
9289 
7837 
894 
4957 
8548 
3866 
595 
6594 
6813 
3493 
6906 
5910 
7499 
7404 
9825 
6455 
4200 
4930 
3675 
9164 
3084 
6791 
9179 
1783 
6021 
6661 
1799 
6244 
1788 
4608 
4867 
2181 
6807 
1439 
7898 
965 
3307 
1754 
4601 
6187 
1195 
6759 
8089 
788 
1138 
3606 
1309 
8683 
2297 
1865 
9679 
8715 
1852 
5749 
4614 
2064 
2550 
1060 
4218 
4996 
9265 
2955 
1130 
6403 
446 
8777 
2453 
6749 
1990 
7978 
1246 
7252 
2113 
4192 
9203 
8451 
1912 
6487 
3341 
2449 
5963 
9699 
7940 
2611 
230 
36 
2897 
3800 
1844 
8131 
4000 
988 
2111 
7850 
6839 
4100 
2950 
7197 
3404 
9027 
956 
4318 
220 
4314 
5788 
8795 
4728 
5442 
1677 
5147 
3115 
7974 
7554 
4727 
2676 
7099 
2147 
5660 
8483 
3339 
9255 
5523 
8668 
417 
9650 
8076 
5130 
8536 
2245 
8480 
5986 
1431 
1438 
7376 
8010 
338 
9685 
5988 
9353 
4708 
526 
7496 
1380 
940 
4628 
7636 
5036 
9776 
5037 
1779 
1987 
5021 
7193 
3160 
9954 
2287 
9024 
6685 
8445 
7610 
5789 
9669 
346 
6404 
4737 
4019 
8956 
6881 
8876 
7067 
9927 
3251 
1592 
3291 
8787 
4469 
8724 
2940 
774 
7523 
3337 
7454 
3672 
9217 
757 
6861 
7627 
464 
9273 
9878 
6181 
1276 
3343 
3225 
7957 
9894 
638 
1837 
8744 
8542 
7399 
1518 
4983 
6026 
6972 
7670 
5012 
2582 
497 
1204 
1590 
1383 
4073 
880 
1608 
6897 
2773 
9765 
7929 
4845 
3807 
4280 
2759 
4481 
9607 
7016 
2309 
2038 
5203 
9242 
4853 
3411 
8096 
7544 
1579 
3599 
1147 
768 
283 
9277 
3471 
5951 
3222 
5161 
8531 
7914 
4821 
8142 
232 
8999 
9048 
9339 
649 
264 
2571 
2199 
5072 
6014 
9383 
3312 
6597 
5597 
1871 
4836 
6675 
6502 
706 
6350 
6331 
5466 
9017 
9233 
256 
6269 
2978 
9836 
4962 
9081 
1809 
3094 
9345 
5398 
2470 
900 
5643 
3023 
1825 
3173 
6351 
6433 
8108 
1828 
884 
5679 
4037 
6989 
312 
6229 
7185 
6194 
7746 
8913 
6825 
7520 
5476 
6614 
8487 
8774 
9478 
3881 
9062 
4576 
5650 
5612 
5435 
2153 
4977 
5993 
5458 
3597 
9681 
1211 
8145 
5908 
8619 
799 
682 
8034 
5396 
6352 
7515 
5670 
9918 
9173 
4030 
6116 
1950 
4276 
4103 
7198 
3621 
650 
6578 
7362 
7643 
7980 
226 
434 
7011 
6605 
3815 
5230 
7389 
9397 
8171 
9899 
2276 
4997 
7639 
6622 
6442 
9135 
8440 
2509 
1858 
1154 
2568 
4199 
2281 
8077 
5359 
5414 
7002 
2312 
1171 
7218 
6914 
6650 
9028 
2273 
2127 
9299 
641 
7923 
3462 
3111 
6096 
8780 
1489 
2856 
4580 
7021 
8827 
248 
1394 
9984 
878 
1562 
8433 
7333 
4881 
8535 
5075 
7659 
6915 
7804 
5745 
7038 
1932 
898 
2597 
4302 
34 
2126 
6155 
6822 
1449 
209 
3940 
7534 
9493 
8238 
473 
8923 
42 
6375 
5095 
9462 
1058 
8224 
4398 
4187 
9367 
7801 
5360 
2877 
2727 
8185 
8905 
5880 
2922 
3478 
8609 
3159 
8664 
7707 
31 
2705 
130 
9764 
5715 
3298 
6025 
6826 
3867 
6799 
6534 
6611 
2424 
993 
5609 
6745 
6590 
6370 
3212 
6212 
3071 
9502 
8283 
8417 
4616 
5214 
1453 
3282 
3438 
72 
6422 
6283 
1162 
1494 
6478 
9051 
4093 
4542 
5829 
6364 
5854 
2232 
490 
4571 
1132 
5893 
2579 
2886 
9204 
8317 
8741 
8846 
2994 
9085 
2837 
4927 
9497 
8139 
1880 
8497 
2992 
6969 
9558 
5233 
4062 
4622 
2821 
