500
803 
539 
677 
931 
154 
192 
178 
557 
468 
300 
505 
63 
815 
189 
559 
921 
254 
485 
302 
202 
936 
142 
992 
706 
639 
688 
647 
736 
986 
450 
473 
561 
509 
775 
92 
24 
260 
727 
416 
809 
3 
712 
431 
574 
211 
575 
287 
549 
429 
500 
340 
286 
194 
425 
440 
821 
970 
594 
278 
472 
258 
351 
107 
923 
638 
969 
778 
284 
739 
4 
367 
125 
550 
127 
570 
880 
951 
217 
17 
348 
826 
836 
453 
593 
924 
391 
241 
197 
870 
733 
864 
998 
877 
874 
692 
267 
962 
859 
379 
493 
48 
421 
893 
584 
761 
352 
605 
220 
791 
326 
746 
296 
479 
938 
87 
232 
247 
483 
654 
948 
5 
507 
771 
533 
827 
305 
963 
411 
457 
786 
728 
149 
400 
613 
179 
777 
148 
281 
785 
439 
648 
460 
772 
103 
393 
216 
526 
610 
480 
779 
976 
790 
848 
381 
328 
13 
11 
597 
830 
113 
90 
255 
356 
641 
387 
764 
623 
576 
831 
536 
50 
776 
745 
406 
309 
591 
251 
261 
905 
565 
939 
732 
650 
83 
1 
926 
319 
644 
14 
112 
70 
913 
486 
170 
708 
77 
983 
890 
488 
78 
313 
442 
420 
844 
823 
852 
136 
645 
317 
361 
723 
541 
75 
671 
734 
555 
592 
23 
784 
219 
329 
730 
514 
718 
850 
120 
187 
515 
279 
81 
364 
508 
567 
812 
658 
933 
177 
691 
111 
614 
314 
7 
819 
504 
166 
942 
228 
311 
886 
283 
667 
682 
516 
497 
229 
275 
887 
629 
768 
755 
908 
184 
9 
60 
616 
741 
655 
374 
867 
627 
713 
604 
959 
556 
225 
56 
320 
506 
332 
354 
370 
298 
333 
35 
532 
520 
799 
265 
606 
725 
971 
272 
680 
210 
164 
499 
724 
22 
621 
950 
994 
122 
467 
208 
380 
233 
25 
687 
964 
849 
851 
843 
729 
822 
756 
293 
110 
139 
802 
719 
747 
378 
193 
451 
346 
611 
842 
132 
176 
780 
588 
551 
347 
235 
396 
811 
423 
38 
33 
203 
358 
106 
41 
98 
757 
412 
389 
301 
807 
201 
357 
792 
922 
540 
181 
240 
174 
28 
404 
978 
277 
896 
702 
889 
888 
966 
89 
446 
315 
212 
16 
829 
878 
972 
135 
944 
196 
538 
955 
491 
694 
754 
530 
663 
316 
463 
907 
433 
205 
626 
34 
39 
323 
855 
245 
742 
640 
546 
900 
456 
935 
925 
554 
906 
441 
679 
863 
767 
369 
839 
121 
954 
377 
62 
45 
209 
865 
860 
693 
349 
502 
820 
73 
652 
997 
869 
222 
690 
987 
213 
462 
430 
854 
766 
646 
975 
738 
239 
899 
312 
787 
186 
100 
436 
596 
672 
360 
109 
74 
914 
448 
748 
875 
707 
19 
230 
743 
704 
656 
145 
560 
325 
989 
159 
141 
294 
29 
642 
140 
569 
845 
435 
299 
276 
804 
669 
519 
274 
722 
21 
477 
342 
649 
489 
308 
602 
292 
678 
167 
268 
895 
531 
397 
362 
43 
917 
303 
282 
334 
42 
